1 0
4 0
38 42
2 11
23 38
5 11
4 89
8 9
49 71
45 59
87 63
25 5
51 62
22 66
68 12
3 15
97 62
43 30
40 47
19 54
9 8
59 90
4 15
85 6
43 85
22 33
10 65
37 89
27 4
58 3
82 21
70 26
64 6
90 14
44 39
1 81
44 32
36 89
84 76
41 60
56 48
94 30
86 77
36 20
0 13
72 2
43 78
56 92
69 60
13 22
76 13
6 71
55 67
68 78
13 7
7 71
67 88
45 51
13 62
66 88
9 23
22 98
22 38
97 32
15 7
80 87
96 93
9 85
29 20
41 69
0 52
9 64
87 66
51 8
90 61
87 67
58 74
78 94
91 96
69 17
67 47
94 54
23 3
83 68
96 62
24 39
16 71
27 7
78 37
43 60
85 37
31 8
50 35
30 10
96 43
92 91
92 72
9 18
56 67
28 7
2 30
27 12
12 62
50 13
48 12
67 9
89 57
46 80
43 33
22 67
4 40
2 83
18 54
59 72
92 60
77 37
93 55
66 75
71 93
47 10
49 3
76 80
90 53
47 80
82 14
23 40
28 69
70 90
98 0
40 69
4 6
37 31
2 81
25 41
18 53
54 0
35 91
46 77
79 69
3 55
95 27
77 90
77 20
34 19
7 82
56 0
90 33
55 7
46 95
3 56
52 9
98 53
79 30
25 66
82 42
24 85
98 43
62 40
46 16
37 79
47 12
70 21
69 67
55 41
6 20
9 81
12 0
52 3
27 69
43 79
7 77
78 11
55 43
92 96
48 80
19 46
49 7
21 73
36 14
97 0
76 20
47 9
73 55
46 91
56 65
46 7
5 0
44 9
93 54
8 71
89 82
16 12
20 11
46 8
89 41
26 84
88 91
78 30
16 5
24 16
9 91
20 44
29 34
24 54
49 37
88 84
79 40
36 11
91 71
93 67
37 60
7 9
46 10
60 84
47 17
61 67
48 15
90 45
27 15
29 90
33 24
22 61
36 93
41 21
23 27
87 91
6 9
18 52
61 38
27 84
17 15
58 10
28 40
79 11
74 39
2 65
65 71
96 10
97 21
71 9
25 17
39 23
26 18
55 50
83 90
22 14
5 18
0 87
66 57
38 62
5 6
4 20
0 51
38 36
38 35
25 24
11 25
25 22
46 92
4 43
22 60
79 46
9 71
68 47
9 76
71 63
5 3
28 21
36 79
98 30
26 69
2 50
37 90
83 82
73 22
38 60
78 88
54 13
56 43
2 67
60 27
23 54
42 25
90 96
79 86
87 90
83 96
95 24
45 25
87 32
98 34
60 26
72 61
47 16
78 89
65 41
57 27
8 34
93 64
49 80
21 44
9 94
47 31
92 54
84 23
80 82
57 43
38 32
75 16
55 39
90 30
37 67
49 39
7 36
56 58
82 8
13 39
12 16
23 64
14 16
46 5
20 28
9 48
46 71
82 96
31 17
35 57
46 79
73 54
4 27
11 43
21 43
93 20
68 54
39 65
66 81
86 56
70 64
86 34
16 50
13 81
32 64
2 68
45 79
12 44
1 52
97 34
55 61
62 7
40 82
84 7
75 36
0 72
92 64
79 49
2 58
30 45
20 67
13 11
12 35
33 27
74 51
74 5
58 43
70 45
54 87
57 3
16 54
59 89
10 57
34 51
89 68
15 21
50 80
8 64
4 68
86 65
87 55
44 66
69 50
46 9
6 46
14 17
35 64
83 23
21 35
56 95
70 9
34 0
47 15
50 69
2 35
36 51
81 55
69 9
40 68
82 23
0 10
42 62
57 96
38 46
26 4
0 86
89 15
58 37
21 11
13 44
69 26
13 48
35 41
65 91
6 61
57 74
45 50
45 7
18 2
62 67
20 43
54 15
82 86
66 39
86 13
17 12
57 87
6 32
66 27
25 86
86 76
4 28
94 32
30 17
58 77
46 93
79 62
74 24
31 41
28 3
35 85
70 89
20 46
66 62
37 13
27 40
4 9
29 39
59 7
35 45
24 48
27 23
29 65
95 89
15 4
3 73
63 36
35 28
12 2
78 67
53 23
24 34
23 30
33 94
23 1
40 11
31 33
83 75
88 57
83 8
3 71
68 81
69 89
42 48
30 50
53 84
51 35
84 84
40 16
29 74
82 90
14 92
44 46
56 3
48 28
73 75
48 14
5 4
18 1
61 93
46 50
79 65
60 72
1 35
45 66
25 69
98 54
65 44
41 68
7 64
40 1
6 63
17 1
48 13
48 7
18 8
70 35
27 27
28 34
49 20
3 60
50 86
84 68
42 90
4 4
8 76
94 24
89 45
15 16
33 29
88 90
40 15
62 30
72 96
93 56
30 77
77 58
68 82
71 64
38 25
46 66
31 70
73 88
8 23
2 33
51 53
77 71
8 77
71 13
62 36
48 46
2 52
13 96
70 22
61 52
84 75
3 45
28 52
4 97
93 60
11 1
88 32
2 60
6 19
63 30
8 97
95 10
16 86
35 8
25 4
89 33
47 81
54 23
46 12
51 49
39 1
66 33
86 63
40 19
86 52
25 91
62 64
57 67
3 90
4 21
22 54
37 32
90 71
71 61
6 64
67 40
47 91
39 60
42 21
6 53
16 1
34 24
50 22
5 19
65 30
39 29
12 60
85 68
19 53
56 25
12 48
98 61
3 21
95 93
44 57
34 70
55 48
70 23
51 77
21 54
41 94
68 28
50 37
4 24
11 35
19 20
81 18
91 54
97 87
33 33
5 64
35 0
56 46
55 13
13 60
76 19
95 68
58 9
8 48
25 34
54 17
91 36
6 14
2 55
59 26
81 10
46 31
82 33
32 94
77 72
50 36
97 94
97 8
11 42
90 31
79 57
93 72
53 36
40 83
40 10
50 5
27 43
89 90
87 76
30 74
23 32
28 43
8 18
80 28
95 90
76 18
61 24
11 65
94 60
14 60
85 7
44 30
61 78
47 19
74 49
59 77
12 94
94 82
80 12
86 80
96 90
21 14
98 64
79 50
54 61
94 89
12 39
54 39
65 33
94 11
36 31
11 62
95 82
98 35
36 81
87 93
10 86
61 48
27 57
50 38
79 88
98 88
85 67
52 77
47 95
48 39
24 46
75 85
35 72
18 15
98 18
16 4
71 1
1 77
38 65
84 52
82 55
21 13
72 54
27 31
17 13
45 93
67 54
30 33
69 23
98 57
47 39
49 94
89 40
13 38
49 38
88 3
87 84
97 58
4 19
16 13
5 49
39 0
66 30
68 26
18 20
96 0
3 52
17 93
38 29
2 57
85 38
79 83
73 27
25 46
3 81
24 4
41 23
51 3
94 20
89 71
82 67
75 49
86 55
84 4
94 10
73 52
58 73
14 33
55 12
31 42
56 7
45 26
48 19
16 57
35 37
31 22
97 7
98 2
66 54
25 39
36 57
39 62
21 9
32 82
71 0
89 31
16 97
90 23
66 4
32 48
21 33
30 16
97 50
95 4
49 36
23 26
88 31
51 76
13 85
9 50
94 33
15 13
38 82
69 1
17 8
87 94
95 69
65 10
24 69
67 2
7 81
3 22
23 57
54 48
42 89
71 54
5 53
70 97
93 59
72 22
56 8
43 2
52 8
91 25
70 60
72 64
4 87
47 77
94 35
31 16
75 43
29 43
70 10
61 39
38 52
2 45
80 3
29 40
90 36
61 27
74 43
45 68
3 67
74 40
77 1
55 23
77 4
27 75
41 89
32 21
11 90
75 77
55 36
56 27
5 68
89 6
9 97
44 53
75 82
10 35
27 65
46 17
10 98
41 62
37 57
61 40
87 9
66 60
39 46
87 11
41 19
66 65
8 5
49 22
54 50
30 1
22 9
44 65
16 7
45 44
48 3
23 16
7 48
53 77
18 56
16 6
94 12
14 96
92 23
97 54
94 72
57 37
65 88
6 68
24 3
47 13
67 78
26 34
7 46
12 42
31 50
28 15
24 22
98 14
54 16
62 27
78 24
76 58
12 18
17 23
94 56
69 74
44 59
43 83
16 84
78 59
20 54
6 49
12 41
26 31
39 47
34 89
54 26
60 2
47 43
72 88
17 25
54 60
58 16
92 63
89 5
74 10
88 71
59 37
28 20
53 50
73 62
77 30
88 64
61 64
4 64
28 5
77 80
53 87
4 96
88 27
67 30
41 65
10 1
76 72
8 85
93 71
84 8
35 79
56 45
69 94
69 28
85 40
4 73
26 46
87 86
93 11
35 14
82 47
66 28
93 29
8 35
68 30
34 33
87 36
62 39
58 42
98 41
84 67
96 82
31 31
70 28
38 57
49 82
10 75
14 74
45 12
10 25
69 97
58 67
81 12
22 75
63 18
3 19
47 50
39 59
72 52
97 48
66 56
58 65
39 2
40 32
18 74
93 39
4 90
48 91
6 81
73 96
16 16
45 71
39 6
97 37
70 54
28 14
56 90
78 1
88 16
46 15
17 57
32 63
97 13
68 89
53 96
73 19
64 71
87 57
80 89
60 37
97 90
25 31
34 26
36 95
3 24
19 43
8 7
40 35
14 58
85 75
8 95
92 62
80 34
72 68
34 37
53 86
14 13
94 39
41 63
94 61
86 79
78 50
32 50
98 94
26 75
20 53
4 67
89 74
63 27
89 46
69 8
54 93
45 15
69 40
13 55
49 13
29 33
42 94
76 30
45 30
82 18
70 63
70 74
24 31
62 35
19 59
33 48
52 53
61 35
0 77
87 13
37 58
37 42
22 8
54 5
29 52
60 64
29 29
85 63
74 76
63 31
81 67
13 13
23 98
78 83
86 7
26 10
9 86
75 10
22 35
7 63
86 9
82 95
97 2
42 42
41 95
86 38
60 40
47 92
15 83
85 74
86 35
65 56
20 59
1 86
15 60
96 54
1 60
31 80
96 80
84 74
10 8
40 87
3 9
60 75
26 64
18 12
80 10
87 92
62 78
4 44
93 30
82 54
76 21
13 49
47 63
91 14
61 72
41 24
54 77
77 38
14 14
7 68
83 18
37 35
13 74
89 32
81 30
63 78
0 14
10 24
98 7
60 24
56 62
30 22
46 53
84 63
49 54
30 44
8 26
94 93
45 88
70 68
35 20
87 37
94 22
66 91
19 88
24 24
42 68
28 27
43 21
82 5
28 23
51 9
72 86
48 78
88 13
68 23
27 32
89 36
91 22
33 21
79 1
84 25
92 30
80 25
36 32
26 35
24 98
64 27
14 11
89 23
35 56
54 96
53 60
80 9
95 12
46 81
26 87
19 74
15 14
69 54
26 8
12 55
93 12
32 16
11 48
88 67
89 67
47 61
2 19
58 32
39 35
24 77
82 85
16 64
34 56
35 93
88 86
47 40
48 89
72 93
79 78
54 62
4 95
47 8
11 18
82 76
98 13
35 31
79 24
59 56
57 7
39 61
42 45
90 83
83 74
86 21
36 42
44 26
64 85
7 23
4 52
38 45
81 80
74 36
43 68
73 36
93 22
65 4
95 61
3 83
27 20
49 46
21 76
88 11
81 31
29 5
98 45
65 70
8 87
26 39
94 19
59 88
67 23
72 51
13 10
92 38
59 81
74 62
29 21
75 24
33 95
83 5
5 15
91 52
37 65
27 28
20 24
61 2
16 91
33 89
95 33
92 16
97 82
49 69
28 64
76 22
64 78
46 40
89 16
39 15
96 14
93 38
33 28
60 39
72 65
29 22
48 71
28 79
80 11
44 71
21 53
28 26
24 91
93 24
20 79
16 53
89 37
65 34
71 65
16 8
48 47
93 32
16 76
11 75
78 65
85 77
1 11
61 84
2 18
66 7
84 6
69 98
1 45
42 86
76 67
52 7
29 10
42 1
22 72
58 96
70 5
65 53
4 53
98 16
76 90
80 15
15 6
79 93
9 57
4 56
65 60
86 12
67 43
29 23
11 89
58 81
56 41
11 39
81 20
94 4
98 82
97 91
39 14
12 74
34 86
6 6
22 65
21 65
4 22
75 58
36 28
7 5
5 56
98 74
36 65
8 94
84 5
40 24
74 20
11 74
82 12
53 2
31 74
98 81
94 25
69 29
29 3
30 5
47 65
25 48
75 25
7 18
7 19
55 26
57 32
75 28
59 39
3 58
6 80
9 98
81 47
98 17
37 25
5 22
39 87
95 56
93 23
84 38
88 33
77 29
75 76
10 18
33 19
80 64
36 64
49 28
98 21
71 57
53 83
7 87
77 31
74 77
28 29
6 56
81 34
44 0
79 0
29 45
21 59
96 56
80 63
64 66
30 66
4 83
59 57
67 79
51 61
65 81
57 81
36 0
19 89
15 87
20 33
45 0
35 70
5 96
2 34
21 61
56 81
73 32
35 32
9 58
64 56
22 57
68 94
71 33
93 89
34 55
74 98
88 68
27 46
46 4
78 33
75 44
39 50
48 20
30 4
18 68
97 38
8 46
45 31
48 69
83 22
9 46
89 86
16 65
30 40
80 0
92 12
60 77
47 96
28 16
96 2
90 25
66 41
54 88
79 63
86 20
62 8
98 12
69 7
3 70
35 94
48 92
68 79
52 83
77 35
84 60
71 77
17 52
8 98
95 0
59 64
5 14
40 74
48 54
87 31
33 82
10 46
63 67
74 16
48 36
54 2
12 89
35 9
66 51
47 20
52 82
53 3
11 41
59 54
0 45
23 69
35 11
7 85
57 44
37 45
34 72
32 74
57 12
45 17
56 23
28 32
5 32
39 10
90 74
60 88
71 78
29 44
92 14
77 83
16 60
70 72
72 21
93 16
73 2
65 45
15 5
88 23
35 95
3 89
52 47
67 82
71 60
75 63
44 79
83 6
55 25
60 57
21 85
6 48
23 65
22 53
0 46
25 68
74 63
62 72
92 39
52 35
3 28
71 79
1 57
80 20
93 66
7 49
84 77
75 40
83 4
47 57
90 32
41 43
57 54
35 33
5 40
22 2
72 67
42 83
34 14
66 42
90 54
73 72
89 8
0 76
26 9
60 68
14 85
36 25
34 20
63 66
61 8
10 39
10 41
30 42
19 24
67 51
73 93
12 72
41 74
55 60
49 18
33 51
5 83
65 75
56 54
83 73
98 93
7 38
65 66
70 70
16 96
26 38
40 95
50 30
85 8
55 69
96 84
1 24
36 70
1 14
43 39
47 1
36 22
22 10
93 63
98 47
63 72
83 3
87 34
85 5
37 98
73 45
46 3
14 49
52 50
66 82
21 8
71 74
44 31
69 30
81 98
93 93
17 56
81 74
19 23
89 54
66 70
72 36
94 69
46 20
59 65
50 46
5 13
12 13
56 73
55 52
53 93
11 46
97 80
93 35
47 89
15 58
84 39
21 87
65 54
96 50
74 83
5 41
61 83
72 60
35 65
9 49
9 77
92 59
3 53
2 66
80 88
80 78
89 13
33 50
90 40
54 69
20 93
54 97
48 41
81 54
47 36
12 70
47 42
8 38
23 22
6 96
18 43
7 94
27 29
38 59
70 13
65 28
41 6
8 68
35 24
93 76
67 89
49 58
70 4
38 61
73 77
89 43
74 72
97 81
79 94
5 67
11 13
77 94
38 87
28 12
45 52
78 29
15 50
94 23
51 52
33 37
53 97
76 85
34 47
81 90
41 35
8 8
46 88
81 88
39 95
93 77
22 78
50 52
30 23
54 6
16 25
82 88
6 83
25 3
37 34
49 92
84 73
76 49
55 77
7 98
87 23
4 41
50 85
64 95
62 62
62 12
54 89
82 34
30 29
76 4
74 25
23 79
75 13
97 84
68 29
84 18
65 42
33 47
21 62
72 59
17 97
22 56
35 84
88 82
37 44
18 73
93 70
17 73
70 30
31 63
64 26
56 36
60 35
37 64
6 67
85 73
59 68
47 66
56 60
53 53
16 14
33 74
65 58
19 12
46 61
67 62
42 96
30 52
78 63
74 55
17 4
69 52
81 78
67 94
53 89
23 82
23 53
14 21
30 6
48 8
85 79
49 24
34 85
77 59
30 21
17 75
4 58
45 55
88 45
52 76
55 29
44 21
86 31
15 82
12 65
48 95
91 39
5 91
36 78
76 59
46 63
52 49
57 10
81 89
75 55
56 10
20 76
74 91
77 16
22 62
90 39
16 56
98 84
15 8
91 31
58 90
10 74
45 45
86 94
74 71
91 74
20 74
48 40
44 27
2 53
4 72
18 14
22 19
52 20
49 40
6 15
71 35
94 16
10 58
19 79
61 23
75 9
73 25
35 78
45 32
76 89
73 21
85 78
56 57
86 11
13 17
45 10
28 45
4 13
1 18
37 51
63 71
1 46
82 82
90 52
46 58
96 81
29 6
9 39
37 52
40 46
50 56
5 1
12 88
30 93
22 59
87 45
51 63
83 77
27 42
56 80
6 10
57 22
10 71
3 50
85 18
20 81
74 9
53 69
98 38
73 60
62 66
11 24
13 20
91 7
15 49
88 54
33 55
83 21
27 79
88 15
94 9
22 63
92 42
83 12
70 65
2 89
68 50
45 21
65 55
41 36
73 83
5 58
18 97
75 98
3 18
70 98
56 44
76 1
54 25
95 9
44 15
3 92
8 39
45 22
22 81
31 69
78 80
27 9
63 6
95 11
92 66
26 21
80 94
15 65
52 65
61 66
40 2
58 17
25 98
46 30
9 35
77 73
19 68
74 2
10 73
24 30
44 55
1 10
94 21
29 26
72 45
53 48
68 16
55 27
84 21
14 38
59 82
44 69
76 83
37 28
91 45
84 20
38 7
4 12
55 73
13 21
76 14
46 96
10 43
83 88
79 29
49 91
84 94
38 51
40 36
79 3
59 17
65 84
66 84
86 23
35 42
42 74
19 14
27 81
10 90
83 60
59 73
67 93
92 74
77 85
90 98
88 94
73 71
94 0
90 13
10 77
3 95
32 15
18 21
3 64
7 15
11 71
15 56
5 12
5 52
53 25
4 32
51 80
23 19
6 52
40 18
3 17
76 84
49 67
59 79
52 61
8 36
43 48
24 19
54 12
36 24
26 42
69 31
98 22
35 26
34 78
31 29
41 37
28 17
81 73
63 19
48 48
66 48
68 25
46 59
72 25
37 0
42 85
90 67
20 23
14 65
18 26
32 51
88 89
34 79
79 41
26 48
87 0
84 47
38 86
38 34
64 77
64 42
63 77
12 20
26 3
40 14
93 21
39 58
16 17
69 39
75 89
21 78
98 15
16 52
7 76
7 35
26 7
15 76
2 26
26 53
82 6
32 89
68 31
50 63
19 90
23 91
27 67
96 91
31 89
11 73
34 31
3 34
33 63
95 25
97 93
41 66
48 22
12 79
59 35
61 37
93 74
77 33
77 50
8 15
8 10
67 7
55 78
12 75
9 10
38 6
19 69
90 16
4 65
88 88
36 26
4 42
66 23
27 45
46 36
48 57
32 49
85 84
47 76
18 96
29 25
72 71
37 59
0 60
8 19
53 68
17 3
67 16
53 21
22 22
44 10
82 81
23 52
7 84
10 13
63 56
15 72
32 28
87 71
75 1
86 45
67 8
89 98
6 23
17 70
18 42
86 44
60 73
78 68
96 70
37 86
28 46
94 63
52 80
92 21
26 68
41 76
18 79
26 45
8 80
97 17
12 17
39 16
52 89
36 33
50 65
44 62
4 85
23 31
31 21
22 85
16 93
66 20
37 26
31 6
29 96
45 27
11 58
10 12
24 32
74 27
89 52
25 7
35 25
81 14
59 29
31 1
12 71
36 84
8 86
57 21
3 96
54 78
2 28
92 89
66 8
9 78
97 15
76 50
17 69
32 1
68 39
63 26
2 10
71 25
50 18
22 11
95 26
83 25
21 63
15 38
25 38
85 17
78 85
82 22
39 77
46 13
53 16
14 20
10 97
77 68
2 92
91 12
52 75
63 79
47 11
31 56
65 23
93 4
35 59
33 79
33 85
76 44
64 75
23 60
47 22
76 73
30 78
84 17
18 82
21 10
68 22
19 83
36 58
22 71
31 40
63 12
8 78
80 26
40 51
30 57
66 2
53 78
36 44
48 6
6 5
76 40
59 24
47 54
83 28
71 72
12 24
19 21
7 26
75 71
21 56
97 56
21 82
46 65
65 5
35 75
65 82
50 40
72 43
43 74
26 79
2 70
15 88
80 98
85 44
56 32
64 12
37 84
96 42
32 55
15 84
27 48
0 11
8 63
59 4
15 20
12 28
76 94
92 93
45 81
93 33
72 85
19 76
37 53
58 22
61 73
66 94
42 37
96 37
13 71
33 31
49 56
64 60
74 93
7 50
15 1
97 12
16 3
28 44
83 59
54 94
56 4
6 24
69 20
31 35
78 4
38 64
24 60
63 16
36 55
29 46
16 73
44 33
84 66
57 60
9 38
80 29
73 9
7 3
28 9
32 26
88 52
74 96
4 34
60 66
14 8
63 42
62 26
78 72
59 55
20 18
9 90
39 22
19 33
22 40
62 23
39 56
25 62
51 10
3 72
35 66
15 89
52 25
39 18
16 66
72 0
81 53
98 85
45 13
48 24
26 62
22 91
90 5
73 20
38 18
89 64
57 6
41 2
29 2
54 52
2 97
38 16
14 34
26 98
44 13
71 10
87 15
97 47
62 16
20 80
71 71
21 95
34 50
10 49
81 0
62 37
17 92
89 17
66 22
40 0
19 18
7 67
45 62
25 75
88 0
40 89
26 90
67 84
24 82
62 73
28 22
87 20
19 9
38 77
89 83
84 40
4 66
12 78
73 81
75 22
20 63
75 73
40 57
33 78
37 18
84 95
81 6
98 80
34 80
81 11
64 81
32 40
17 60
16 55
60 83
17 42
85 43
88 34
44 22
80 24
92 31
49 19
20 64
65 89
83 34
6 25
69 47
14 64
86 15
73 78
59 70
30 97
74 60
29 32
33 72
19 67
30 94
49 85
1 66
11 28
57 57
44 49
72 20
98 65
63 37
98 66
6 93
1 92
68 61
53 20
96 51
75 60
51 18
83 93
63 1
78 86
56 12
73 5
15 52
29 57
98 89
83 85
4 1
75 94
18 33
26 67
44 17
7 52
66 21
77 84
32 35
51 85
31 97
63 54
46 62
27 68
78 81
22 52
46 42
7 28
64 55
41 85
39 9
6 82
7 83
7 39
53 82
37 17
48 67
37 29
21 12
53 76
74 3
50 89
33 14
7 25
35 81
37 70
14 71
21 46
50 28
31 23
90 37
47 88
8 54
6 87
87 70
9 87
25 76
41 42
44 56
55 4
11 97
88 92
8 84
96 44
64 76
64 58
69 79
66 6
74 6
38 70
9 15
49 29
46 52
48 88
57 94
30 85
34 32
70 52
58 39
21 71
86 40
30 69
10 87
86 5
90 82
50 82
31 3
14 70
13 75
78 46
91 37
49 52
23 4
66 45
2 46
32 19
89 96
58 47
37 43
2 64
76 29
95 81
5 82
46 32
40 76
46 76
88 98
89 94
83 81
43 90
95 91
37 61
4 74
6 58
52 74
45 67
52 34
40 59
34 63
55 44
39 83
82 51
79 68
38 75
36 43
45 56
47 21
69 82
0 59
25 60
54 76
28 33
22 46
33 20
96 25
0 12
85 9
26 20
8 83
64 19
82 56
54 53
71 30
27 53
86 73
1 85
25 45
98 4
45 76
81 24
80 14
4 5
66 24
52 33
77 65
30 46
49 89
49 88
45 49
52 16
10 48
6 22
98 40
27 22
83 63
70 47
83 66
47 67
8 67
1 76
79 4
22 47
37 55
91 5
38 47
63 58
28 18
72 30
78 84
88 24
43 10
41 73
76 60
83 17
73 3
9 43
2 90
50 58
21 74
13 64
71 28
1 70
27 33
53 0
58 55
95 63
6 12
47 30
31 66
57 55
68 51
91 50
64 44
96 9
38 55
81 56
47 32
97 20
77 40
75 93
39 89
47 64
56 28
55 90
74 95
55 2
24 9
98 48
43 15
4 82
88 96
93 31
56 6
53 12
97 25
82 17
44 97
44 76
65 19
7 8
21 52
36 69
39 76
82 77
36 67
30 90
14 84
33 71
39 70
45 96
68 43
28 2
29 18
77 44
27 44
76 38
22 31
38 50
51 73
98 69
57 92
13 34
38 28
84 81
96 47
81 77
62 77
15 55
43 73
54 73
9 12
31 55
43 9
38 76
5 98
70 7
43 96
48 64
32 47
75 64
71 47
41 46
95 44
91 53
94 29
87 5
35 69
65 95
62 31
26 80
60 54
14 52
77 49
83 48
72 57
60 48
82 78
53 58
88 17
26 29
67 31
74 73
9 3
16 49
81 72
73 73
49 41
10 3
89 92
20 10
10 15
33 32
74 19
61 75
10 10
37 33
32 97
48 68
77 46
87 88
61 9
61 1
23 11
28 60
81 7
77 22
81 71
89 49
42 39
43 76
58 24
92 45
14 82
70 71
22 12
48 11
54 70
21 91
11 88
5 65
66 95
89 51
46 89
85 55
15 3
14 10
43 95
90 77
51 72
80 7
42 9
13 84
5 42
90 12
49 64
43 3
22 4
54 82
92 88
87 4
87 79
84 91
31 90
72 3
28 68
14 75
82 83
31 28
57 13
83 91
6 39
3 1
9 41
14 50
62 56
79 9
97 4
48 30
69 3
68 49
67 95
81 26
6 11
78 87
64 25
19 10
53 11
45 33
65 76
73 63
55 80
12 64
12 29
21 22
21 47
17 49
15 92
82 80
5 44
32 37
28 61
13 24
75 29
21 38
83 78
36 94
78 45
87 17
37 94
86 43
57 42
57 62
46 54
94 74
48 32
43 22
16 58
25 6
84 9
28 10
75 53
57 47
18 18
66 9
1 55
97 55
51 65
41 59
17 79
11 45
11 17
89 12
85 11
34 11
76 76
52 15
1 90
92 4
81 17
78 9
23 12
57 28
20 71
96 76
70 12
58 94
56 55
24 52
30 68
38 90
62 76
93 88
96 20
7 12
31 46
24 76
87 73
61 63
42 19
4 17
54 20
29 9
75 59
53 73
97 64
45 28
20 78
24 29
23 29
25 87
83 62
77 41
68 84
71 12
13 45
66 89
98 39
79 7
85 81
30 18
74 94
49 5
48 33
47 69
66 19
23 71
26 44
11 70
59 94
84 62
48 21
58 60
17 48
17 72
18 72
77 86
61 88
50 92
21 4
37 16
51 92
84 88
34 36
44 81
40 73
79 72
48 70
39 28
26 83
50 91
79 85
54 80
69 25
41 14
21 55
53 91
53 6
64 28
13 70
68 44
74 84
50 73
95 62
82 66
16 79
79 73
91 93
91 30
20 21
85 54
21 31
30 55
74 59
28 25
6 8
46 56
66 31
2 63
74 18
68 83
12 97
37 78
11 87
82 50
93 14
14 24
51 40
21 30
71 82
76 64
38 78
90 92
43 13
1 63
10 2
66 53
5 25
66 10
39 64
89 39
16 69
86 78
26 86
10 62
71 51
13 97
68 93
89 25
39 88
84 59
37 47
22 5
25 80
23 5
95 57
54 3
8 52
47 24
10 28
36 16
9 68
58 66
22 21
51 30
50 41
13 94
57 14
45 42
42 23
94 58
71 36
13 50
15 24
14 53
55 55
45 1
43 11
96 63
78 3
11 16
7 58
0 63
22 34
72 44
74 78
25 77
80 57
75 62
61 76
37 96
78 44
47 56
84 87
86 70
73 30
5 85
32 23
45 89
43 35
42 59
70 56
42 58
80 4
97 66
78 22
95 74
11 49
39 34
2 96
86 36
7 93
16 59
62 71
58 64
74 32
86 88
62 79
49 68
57 41
87 56
52 59
43 69
73 94
82 58
89 76
70 14
28 84
61 71
2 1
10 72
44 11
79 54
19 75
35 67
97 45
98 25
9 69
13 53
59 60
53 81
8 66
87 78
81 29
49 21
80 13
8 90
84 28
55 6
34 48
56 22
43 71
0 66
69 59
38 53
14 5
1 88
52 92
49 4
80 61
15 11
9 19
51 33
7 96
35 86
41 83
46 45
35 58
10 61
55 15
56 5
26 77
10 45
58 97
80 5
48 52
82 3
22 48
11 55
26 60
59 83
77 3
82 65
75 78
95 45
76 91
42 69
87 40
60 18
1 12
26 89
73 85
78 61
57 5
7 78
74 29
92 53
21 34
25 19
52 78
14 81
41 9
6 44
87 41
69 63
92 37
25 32
58 41
55 22
96 77
7 92
26 22
76 35
80 69
33 15
62 80
73 0
10 88
85 10
46 60
75 6
76 86
42 13
27 87
55 89
27 86
60 63
87 33
91 21
60 76
10 14
29 49
95 29
62 75
29 98
76 15
22 29
17 33
10 70
54 22
36 66
81 58
37 76
74 58
3 29
44 95
40 42
94 38
7 59
54 4
90 21
64 37
16 42
72 74
15 90
67 24
24 71
92 35
30 14
94 91
34 67
97 9
75 32
9 45
67 61
20 65
41 58
0 57
65 59
54 44
76 25
19 65
55 16
67 91
67 25
80 77
15 93
72 9
66 18
76 51
9 14
84 85
79 13
64 5
7 95
74 0
15 79
21 40
81 16
34 69
12 66
36 71
25 42
75 7
70 36
7 56
25 82
75 35
37 50
0 64
66 46
23 59
97 40
45 63
90 64
32 46
68 95
38 17
49 73
91 35
69 24
65 31
44 35
47 55
55 54
39 75
59 93
57 29
85 83
59 76
64 61
28 81
40 85
16 11
54 11
43 23
80 68
24 90
61 54
77 48
85 28
98 92
45 98
75 79
20 4
82 89
63 44
44 67
87 83
57 56
61 16
87 54
53 1
90 20
29 85
94 62
87 96
15 42
25 35
6 78
2 47
71 80
18 92
26 66
72 94
75 23
94 57
7 97
82 91
16 88
38 96
44 42
50 4
85 36
69 56
74 7
50 45
27 49
51 58
74 97
82 24
9 83
80 66
18 57
20 8
77 32
20 3
97 51
58 79
78 16
19 42
73 57
60 60
76 65
59 87
20 38
41 13
65 12
60 1
65 94
26 59
66 3
87 19
20 30
4 29
7 22
49 51
57 79
8 22
15 25
22 74
80 48
23 25
87 82
91 13
86 81
75 50
87 28
61 60
6 43
87 98
1 59
95 2
72 35
12 73
81 57
91 66
77 60
65 32
47 62
54 42
27 62
45 54
9 22
58 25
49 70
28 86
60 90
71 44
2 72
5 5
33 35
43 81
59 25
60 0
3 51
25 20
15 35
34 58
15 37
36 76
89 0
87 95
8 14
28 62
55 70
52 40
63 53
29 78
16 41
38 8
10 27
2 14
52 98
73 8
12 34
78 54
75 92
5 39
53 7
25 90
78 32
11 27
43 91
35 87
8 56
15 51
16 35
19 66
4 31
48 16
25 67
32 39
68 63
2 32
98 79
60 17
5 78
27 89
15 59
26 6
88 56
32 78
71 92
65 83
76 62
76 55
63 43
63 55
68 38
18 60
32 85
76 92
79 45
25 89
71 81
19 96
82 0
0 20
19 92
44 75
97 71
13 29
42 82
97 79
17 80
93 42
50 61
7 6
89 66
61 57
77 81
38 83
59 36
90 94
94 45
86 82
90 35
28 13
43 55
41 8
25 83
16 33
74 50
41 26
65 37
37 6
7 14
65 18
61 17
40 41
55 53
19 15
50 27
13 82
6 65
36 17
90 86
56 56
77 9
67 83
4 39
30 89
68 52
29 55
10 22
96 55
63 98
90 84
23 6
49 11
49 61
41 7
10 19
31 47
25 52
89 34
5 34
11 12
32 98
95 42
38 81
88 95
72 34
35 17
59 86
45 60
14 25
59 69
79 16
48 38
92 33
72 12
58 62
25 18
44 63
3 39
81 50
91 65
49 8
68 91
24 67
2 76
69 78
78 60
62 60
89 20
70 59
29 84
69 95
70 3
49 27
39 71
80 85
3 38
64 43
77 55
67 50
85 31
23 74
75 0
54 79
43 58
93 68
91 62
34 45
95 38
64 89
63 61
81 94
86 98
46 55
X
58 98
30 47
35 50
10 16
15 85
83 9
16 51
20 34
8 43
69 36
X
62 81
40 88
13 8
56 1
43 17
33 39
83 65
79 22
90 93
91 40
80 97
75 45
42 2
26 52
48 62
5 17
49 60
1 93
34 62
15 0
69 49
31 98
84 12
41 18
30 84
6 97
95 43
20 92
92 13
9 37
59 63
47 85
40 90
26 82
17 18
42 18
22 55
92 3
22 16
3 31
47 53
92 44
56 78
14 3
12 27
55 11
73 74
84 13
45 36
74 1
56 47
95 37
32 66
92 5
8 45
46 49
10 60
12 12
86 87
70 41
48 29
57 64
20 15
57 24
55 28
9 16
80 50
3 49
65 46
40 75
50 68
50 88
X
85 30
72 73
20 22
7 90
42 15
34 21
56 85
73 97
13 88
5 16
38 71
2 54
38 56
50 87
83 20
58 92
66 85
74 41
15 75
8 32
90 22
62 59
16 48
1 47
93 90
70 49
66 25
95 55
31 68
20 13
12 53
26 49
48 27
56 2
31 18
3 82
82 94
88 14
41 27
89 24
43 18
6 34
3 74
75 31
0 70
34 82
85 59
83 24
88 25
26 91
86 30
25 93
21 23
14 90
62 55
8 37
65 72
73 18
39 78
77 64
10 55
12 87
28 85
53 49
33 36
70 83
75 65
21 3
19 91
17 55
6 28
81 97
22 23
58 93
55 94
47 71
1 53
69 37
92 40
70 81
33 75
89 1
9 54
66 86
15 48
23 58
52 85
58 33
57 4
32 14
5 84
85 85
35 43
43 84
93 5
24 42
37 81
36 47
81 83
40 13
54 54
29 47
25 29
48 73
49 62
56 89
75 48
52 5
53 40
82 57
X
24 68
28 47
11 19
14 97
48 66
87 18
57 85
40 78
17 35
9 2
48 2
38 91
52 30
3 10
53 4
62 61
85 70
37 49
71 14
22 58
26 97
15 69
X
18 89
50 57
33 67
24 25
58 6
50 60
14 79
15 41
65 9
56 11
25 49
71 94
27 77
21 16
22 6
98 11
74 57
34 59
55 1
6 50
66 90
43 67
58 83
57 11
14 76
94 2
53 42
47 27
53 44
70 37
84 70
95 6
64 94
86 4
11 66
71 53
94 90
96 15
75 52
26 40
89 22
88 18
75 86
45 75
83 13
14 56
31 37
42 17
83 70
18 10
51 91
27 13
32 0
50 51
10 66
65 38
93 13
34 25
39 5
62 65
74 74
77 62
4 78
19 34
4 84
19 70
90 1
44 18
13 76
72 40
68 56
96 71
52 10
23 42
64 82
19 78
53 90
2 88
7 11
25 40
12 19
91 33
83 39
9 32
65 6
37 12
15 68
42 92
23 76
87 42
38 43
61 80
49 87
77 10
27 47
6 35
3 63
41 39
49 45
83 57
43 24
10 63
32 36
81 33
47 38
63 65
30 9
43 86
88 58
53 39
83 87
31 0
51 41
95 58
77 87
35 76
73 29
35 80
77 63
56 53
34 76
98 42
6 76
51 75
39 72
39 43
56 79
34 81
6 33
46 75
4 77
6 59
24 12
12 21
57 45
38 22
3 88
47 47
90 66
93 2
76 56
81 95
91 94
8 2
96 38
48 51
49 44
49 16
40 7
28 48
26 32
9 84
12 84
14 77
33 46
12 86
48 94
53 85
49 15
43 92
27 2
70 92
23 28
64 46
43 82
4 81
1 69
75 8
79 32
89 93
95 28
5 71
91 18
82 93
52 44
59 6
52 41
0 65
58 76
43 54
20 94
33 59
20 66
41 88
50 50
11 15
18 91
4 10
26 55
47 51
22 87
95 79
24 18
92 94
30 25
23 24
96 19
66 72
69 92
47 78
24 45
10 83
64 1
50 64
52 17
53 67
5 48
42 79
34 46
67 29
29 48
17 11
66 32
32 75
31 36
36 61
35 21
23 68
20 2
70 6
93 41
25 56
46 78
95 36
68 92
43 70
45 20
95 71
88 51
66 5
14 59
47 49
75 38
32 67
23 45
18 78
13 25
53 22
72 14
27 80
9 40
3 84
36 21
4 11
76 41
72 18
75 56
66 50
36 29
91 77
41 0
92 34
32 32
1 91
52 46
20 16
73 50
31 19
50 19
87 81
78 38
55 84
55 20
57 76
84 57
95 23
47 94
11 21
6 4
88 81
70 24
24 11
15 40
56 15
88 93
69 71
49 66
20 69
82 70
78 8
64 2
83 50
42 14
63 46
26 81
4 80
13 56
58 63
92 2
43 56
5 35
17 58
96 78
50 21
65 86
X
94 14
74 79
5 8
58 69
73 44
91 1
92 68
93 53
17 51
38 84
12 15
85 32
35 71
3 76
98 91
55 10
41 78
38 12
44 20
33 81
48 87
97 85
82 7
97 39
34 35
29 76
63 2
18 90
30 83
83 19
53 52
34 71
61 59
76 98
49 63
56 26
4 2
5 50
37 21
54 95
49 93
59 41
51 19
24 28
56 24
13 19
91 86
86 14
5 29
82 39
6 79
63 3
26 30
X
56 84
2 9
83 64
13 26
20 75
46 94
73 58
39 85
81 93
64 65
4 16
24 49
24 56
84 24
76 81
5 28
69 41
98 10
52 81
55 56
95 59
71 43
14 48
51 81
77 92
93 94
9 36
18 58
81 70
44 28
82 13
52 19
24 89
94 36
1 9
17 78
57 63
22 68
88 7
65 43
78 13
73 34
44 84
77 66
8 11
26 26
39 55
94 6
59 85
28 71
0 58
24 93
79 44
78 47
11 63
41 12
30 28
29 89
52 72
16 24
61 70
51 57
72 28
44 89
93 62
45 61
52 58
86 33
3 26
89 38
21 58
43 16
44 41
45 41
55 24
1 96
86 59
60 82
17 10
53 95
92 86
83 0
77 79
44 7
93 6
69 46
88 49
63 28
60 59
71 37
85 53
69 93
39 63
44 16
69 91
60 16
75 74
57 83
45 95
9 55
11 34
45 53
32 90
33 52
94 94
27 30
30 0
9 70
26 58
78 55
97 10
2 51
8 92
38 97
72 53
67 32
88 12
57 69
9 11
16 10
82 9
4 63
73 7
65 64
67 46
22 45
26 33
47 29
53 15
94 5
84 83
42 66
19 13
52 95
50 81
19 72
60 92
95 15
49 50
12 58
71 46
42 3
46 47
64 48
27 59
32 77
61 92
67 38
5 31
21 27
14 37
50 66
68 71
87 14
85 24
39 96
36 92
98 24
27 61
57 78
12 82
81 91
1 61
47 87
54 46
45 94
52 29
52 39
43 72
51 68
40 6
94 73
50 33
37 56
15 19
81 13
38 49
39 49
34 52
7 89
6 51
23 41
49 42
30 41
88 43
8 16
88 44
40 55
50 43
47 23
9 66
40 39
94 53
74 23
94 79
76 79
25 28
0 21
46 29
52 90
43 7
74 56
27 6
14 26
79 60
39 93
23 18
19 22
92 41
65 87
93 37
89 58
13 27
92 7
74 35
44 61
4 35
18 55
69 35
96 68
43 19
21 92
51 95
96 48
8 42
91 84
13 12
91 68
34 77
39 84
45 35
90 58
43 20
15 86
40 84
57 98
90 91
16 40
89 18
51 64
18 35
91 0
27 66
56 63
31 67
21 15
32 13
50 75
18 22
94 31
44 82
87 12
1 23
72 63
62 46
57 80
72 29
23 56
24 35
19 60
4 88
43 61
81 9
24 20
29 0
X
0 93
48 55
6 29
44 83
40 52
3 77
78 66
94 28
X
56 21
55 47
25 44
34 15
66 64
2 69
40 53
2 27
45 47
8 70
7 70
40 34
85 62
62 92
47 73
13 37
97 63
2 29
35 48
14 9
60 36
72 75
5 59
40 49
17 59
3 5
83 80
32 65
X
12 77
88 42
80 70
33 13
6 27
13 15
51 29
6 45
14 78
77 2
16 18
62 6
25 25
25 33
66 63
X
X
24 80
9 72
35 36
42 22
10 40
26 61
69 4
72 7
12 63
13 9
27 5
20 82
77 76
59 22
27 1
53 41
19 16
8 72
64 9
45 18
5 88
7 86
79 17
78 10
18 25
92 85
7 66
47 18
66 29
38 26
89 56
89 63
23 21
49 2
77 54
35 82
91 51
26 47
24 44
39 39
5 30
71 75
80 60
81 92
92 0
65 63
93 57
88 78
X
32 20
41 77
72 46
33 69
64 86
55 71
46 41
52 45
32 80
80 91
22 92
53 46
72 50
61 81
66 76
57 91
65 50
10 36
87 87
18 16
8 55
36 36
57 68
43 57
19 93
89 28
49 81
66 61
51 60
24 50
14 4
36 80
11 83
89 97
21 45
44 36
64 38
95 53
42 88
32 91
67 21
23 93
48 49
79 12
51 96
60 22
56 83
68 32
73 79
54 24
62 74
79 70
59 95
36 48
29 56
52 48
83 79
42 70
39 26
22 76
63 82
18 34
67 52
14 29
X
60 47
80 56
88 6
28 76
17 27
9 56
91 41
72 58
45 83
15 26
34 92
56 20
89 78
98 9
94 43
34 43
69 64
32 71
3 69
83 49
9 92
51 90
45 85
90 24
29 41
X
74 34
11 10
60 23
76 42
45 46
3 35
54 41
82 26
61 90
72 4
74 48
92 57
34 17
46 38
11 84
19 35
84 50
88 26
8 4
83 14
23 97
20 40
87 6
71 26
11 20
86 60
57 93
51 59
69 6
X
38 94
8 6
93 28
39 73
48 23
17 71
89 42
67 5
18 17
82 79
61 15
19 41
90 41
72 19
72 37
90 97
56 14
37 83
97 36
96 39
16 0
47 97
84 34
37 80
41 22
X
13 4
10 20
73 4
19 25
25 36
85 98
12 37
19 77
1 15
85 60
60 80
49 65
89 91
47 86
X
X
11 37
60 25
32 86
85 82
84 36
35 46
42 56
82 19
84 80
6 86
38 44
7 29
63 80
80 90
18 98
59 62
34 34
59 59
39 91
86 19
11 40
39 52
31 38
39 92
2 61
84 10
29 83
93 3
20 96
83 83
98 29
43 66
14 12
30 91
62 17
78 92
53 72
20 25
0 22
42 77
23 50
65 11
55 76
6 75
24 83
78 17
38 95
96 40
67 44
48 76
98 95
15 33
21 96
66 59
25 97
81 22
54 28
30 51
52 57
66 87
22 7
83 1
39 27
38 27
55 14
24 88
20 39
84 56
71 76
93 34
79 56
25 57
6 66
77 61
52 4
96 74
41 15
94 3
58 45
20 77
63 86
64 90
49 75
11 64
32 18
90 56
96 33
46 87
60 91
79 21
86 62
34 18
30 32
26 74
34 39
25 88
7 37
18 0
16 27
24 97
95 40
6 95
5 86
12 10
78 56
64 63
84 35
58 59
32 6
59 23
51 43
22 96
87 1
76 54
50 2
42 20
95 41
37 7
74 38
37 27
58 11
45 11
0 47
69 80
77 75
39 86
97 33
42 6
85 65
61 61
80 71
2 82
96 75
78 18
38 73
22 18
91 82
X
53 66
72 8
54 72
32 38
79 38
15 97
80 86
6 88
23 55
0 94
85 19
79 91
67 72
48 81
85 50
30 36
77 42
25 81
43 14
96 59
62 57
X
37 48
38 48
38 89
46 39
83 35
64 91
55 72
6 70
42 91
20 95
22 15
4 60
95 46
46 11
52 42
83 10
73 82
14 68
97 95
19 95
X
53 54
17 34
89 69
21 64
93 7
82 49
94 81
33 62
44 47
63 92
12 76
58 68
86 8
95 75
53 51
92 82
55 83
17 98
14 27
29 71
11 67
49 49
21 7
98 26
53 43
9 33
64 98
19 8
48 97
76 0
89 65
7 72
74 86
63 57
14 93
41 45
X
14 94
60 41
30 54
57 59
57 20
77 98
63 9
2 12
73 56
84 19
16 19
70 91
25 59
96 29
64 11
15 12
28 53
26 36
18 51
32 17
X
89 14
74 30
97 68
61 49
45 29
16 78
56 91
93 79
41 41
12 45
26 88
4 26
54 71
39 25
74 89
10 54
8 25
88 22
17 61
37 37
96 85
33 70
13 98
81 23
15 94
43 77
78 21
43 63
7 51
82 1
69 65
94 7
49 33
8 51
48 86
36 19
22 41
28 75
37 19
10 29
32 88
73 17
47 45
59 18
9 96
89 81
11 53
78 64
22 43
53 57
25 50
71 29
36 39
24 74
34 74
43 8
62 15
65 98
64 57
65 61
79 71
95 92
87 74
7 13
42 38
52 64
35 74
31 20
46 82
51 89
53 92
45 87
89 80
50 11
47 72
41 17
94 78
33 23
21 68
29 36
72 56
84 64
48 18
56 72
57 2
79 92
21 69
90 42
71 8
37 1
51 2
96 72
19 51
14 2
44 70
38 11
48 65
79 90
24 72
8 53
43 6
51 39
41 3
63 52
59 11
64 3
7 88
57 53
43 88
76 75
63 48
95 3
52 54
84 98
25 58
57 75
8 44
50 39
36 41
14 15
60 70
45 90
44 1
81 79
76 36
74 85
46 35
12 83
14 55
8 3
62 49
26 13
33 25
69 5
X
5 26
72 48
44 19
63 15
30 2
21 39
63 23
15 15
86 85
50 70
43 36
87 30
48 72
9 26
7 16
5 45
33 34
42 57
49 30
78 70
13 46
47 35
86 61
56 59
96 95
91 58
95 1
13 93
29 82
79 66
76 61
24 40
62 83
86 86
4 48
61 46
12 8
81 69
32 59
2 23
74 31
69 44
6 13
33 68
38 85
70 93
93 82
73 31
39 48
85 42
51 54
11 76
61 56
85 23
0 55
7 79
32 60
51 27
12 56
39 38
7 75
19 17
12 40
50 3
93 73
82 38
67 42
41 40
80 44
19 58
93 43
6 37
89 77
72 87
94 15
17 88
78 12
54 51
64 39
96 64
63 45
36 27
84 82
51 21
96 46
16 26
73 98
40 38
77 36
77 14
71 91
93 81
54 31
34 68
79 39
49 55
43 47
49 76
98 33
70 82
37 73
85 61
70 43
5 7
56 88
32 25
21 70
65 40
91 85
4 25
43 89
20 7
5 70
64 64
20 60
24 73
53 19
48 53
5 2
50 96
88 65
22 70
41 91
56 82
59 48
40 5
95 5
98 49
59 45
54 74
66 52
61 55
27 3
80 76
10 92
57 65
40 3
24 58
12 49
29 28
94 86
4 30
75 61
80 79
97 44
4 86
38 21
34 23
54 56
74 17
22 39
67 59
18 95
53 79
1 94
84 32
69 51
53 38
4 47
23 20
55 91
32 79
19 19
55 31
13 73
55 38
41 49
60 61
97 46
68 62
87 22
36 40
41 55
33 88
22 97
X
46 37
78 19
53 62
10 11
50 49
20 45
21 97
10 26
3 87
52 22
17 89
91 57
92 81
12 59
54 10
43 31
59 10
55 51
17 29
25 26
40 22
12 54
41 1
92 73
86 10
13 63
8 29
17 19
54 57
97 26
50 59
96 86
48 44
24 33
77 70
68 90
35 15
79 81
89 44
95 85
55 75
42 61
80 95
91 76
58 23
31 79
5 95
3 54
88 55
35 27
54 19
54 40
X
83 32
82 10
8 75
93 15
97 27
58 14
90 38
93 80
73 87
62 90
40 45
74 4
77 53
6 72
34 87
71 58
45 86
50 8
74 33
29 91
79 95
85 33
40 48
19 45
17 95
89 55
85 64
34 13
35 22
62 28
92 15
63 83
6 2
25 12
82 97
20 17
71 90
71 50
51 70
76 70
49 79
95 87
6 16
78 75
92 43
14 47
51 42
97 72
90 18
58 86
X
22 17
28 77
2 77
51 20
56 68
55 21
86 24
81 1
78 53
82 35
3 25
49 59
97 70
7 55
0 96
56 71
92 51
35 13
25 11
52 79
97 19
98 96
63 94
57 40
2 94
91 59
69 62
27 52
32 62
96 1
1 65
44 6
97 24
38 20
50 12
10 34
92 28
82 53
90 44
43 38
98 67
73 14
30 31
55 40
30 24
63 93
79 89
97 86
32 81
11 36
26 50
49 34
35 77
54 85
29 35
83 56
81 84
67 53
21 25
34 22
67 10
93 40
4 7
38 74
59 47
15 9
44 24
80 32
91 46
42 81
82 69
96 28
56 98
54 92
25 47
12 67
44 40
96 3
61 10
26 37
13 47
54 49
61 74
43 64
25 72
90 59
16 61
54 32
51 17
49 77
23 80
39 74
35 47
54 75
24 21
10 23
30 79
68 21
48 79
67 92
98 46
37 85
81 2
19 64
54 45
14 80
40 44
81 49
80 2
45 48
46 51
21 60
92 27
54 27
7 33
53 24
47 79
36 85
83 69
73 1
60 62
3 86
53 29
24 87
84 33
51 7
83 98
79 19
58 75
58 53
41 84
3 98
44 14
34 49
76 63
91 43
73 51
33 92
16 9
51 79
2 25
0 56
25 61
44 5
71 89
48 42
96 23
82 16
36 7
75 54
63 91
79 2
51 38
35 29
20 51
51 22
57 86
62 89
12 47
16 29
51 5
25 27
0 53
44 68
3 85
18 29
16 28
80 75
24 47
90 62
82 87
68 41
66 17
66 80
41 20
82 32
57 31
34 27
59 46
33 43
14 57
63 8
53 37
10 76
85 34
11 60
13 54
84 37
15 2
38 80
3 66
89 35
31 60
80 23
38 66
8 74
72 10
2 91
55 98
12 68
51 48
58 78
40 67
44 94
23 96
91 38
94 80
44 87
4 45
96 27
29 31
45 58
23 70
59 78
23 73
40 20
72 31
20 1
90 85
35 18
19 40
80 58
39 67
13 41
5 47
14 63
24 13
95 97
95 31
23 23
78 71
57 9
87 29
15 63
18 3
26 5
60 74
58 18
20 9
86 29
38 92
41 5
15 18
8 88
3 7
11 47
46 48
38 63
75 87
88 77
41 56
91 75
0 67
73 46
30 19
32 34
36 87
21 77
22 64
32 24
20 97
20 52
12 23
79 23
23 95
31 34
16 34
5 37
96 30
57 39
82 40
33 91
63 17
28 30
88 80
0 9
91 73
82 92
10 69
2 24
63 49
29 51
24 81
22 20
67 58
48 34
70 62
57 71
41 54
7 32
81 68
1 29
9 20
98 44
90 55
30 67
10 47
97 23
95 86
59 67
71 31
92 95
89 26
47 37
40 37
51 78
23 94
15 61
33 45
72 95
18 40
96 65
85 29
18 64
3 94
67 76
71 49
63 84
35 40
32 45
71 59
79 58
22 80
9 34
16 15
62 47
3 6
21 41
68 40
18 80
8 79
91 19
75 70
97 69
45 16
25 78
61 0
43 50
35 23
67 17
41 79
86 22
73 33
71 48
97 65
1 67
34 38
92 19
47 33
57 72
2 73
29 19
68 76
79 8
91 97
75 34
29 24
23 92
8 20
18 41
65 29
95 98
78 91
14 91
35 51
63 11
17 26
30 48
60 69
55 59
30 82
38 93
16 95
21 42
83 89
9 51
12 9
66 44
29 67
6 55
6 1
12 30
54 91
67 71
81 44
64 80
40 33
16 2
66 98
36 23
65 57
49 23
28 67
43 65
76 34
90 34
72 33
20 29
11 85
9 42
63 81
39 80
97 42
50 77
93 36
12 36
9 44
42 50
0 48
18 45
2 98
7 17
13 36
6 89
50 17
68 72
52 24
78 58
87 51
61 28
11 68
94 64
62 48
1 30
95 76
18 13
42 67
43 5
87 8
61 69
24 70
96 92
42 47
23 13
23 84
68 55
87 2
59 61
72 27
68 70
78 36
90 69
79 20
48 63
49 97
30 60
12 43
36 82
71 27
79 47
93 51
98 63
39 33
72 76
5 43
80 21
11 92
92 36
3 68
20 19
46 28
22 73
66 96
86 2
21 66
29 72
43 75
82 46
15 95
53 64
56 93
60 33
56 86
84 14
33 86
67 60
8 81
97 3
33 60
39 79
60 28
91 55
39 66
35 68
12 61
51 69
98 3
24 61
15 47
73 13
62 10
50 23
1 73
30 53
75 17
32 70
91 72
73 38
43 87
11 57
55 49
24 92
51 47
2 87
7 53
15 62
9 21
67 87
7 20
26 14
24 78
42 87
72 38
85 66
37 23
71 24
78 69
13 18
3 23
77 78
68 10
98 70
84 29
24 55
74 70
34 60
11 26
79 55
13 83
83 16
96 41
22 94
77 77
64 24
81 75
55 92
31 48
78 20
80 31
91 67
14 36
62 11
19 52
70 61
11 9
31 81
85 56
83 92
18 44
12 92
59 75
38 67
96 53
15 78
91 42
54 43
78 78
77 34
9 79
90 57
79 31
49 17
36 91
47 82
64 29
7 65
66 71
14 62
2 13
14 73
54 64
10 64
42 60
28 66
69 81
67 37
60 67
49 96
3 57
49 53
78 90
58 61
55 63
36 68
47 34
70 58
13 58
59 53
58 71
42 12
85 39
37 30
57 84
9 95
12 93
15 17
34 91
15 80
7 27
38 30
11 82
87 50
6 60
57 26
20 83
44 93
19 7
7 74
1 56
54 18
75 88
14 54
38 19
17 2
64 17
78 34
68 60
4 54
69 32
8 17
14 95
72 32
58 15
25 21
72 26
96 24
63 10
33 22
0 97
44 8
91 56
44 25
58 46
50 90
28 59
48 75
13 91
17 66
51 24
25 37
3 93
24 41
34 40
25 70
46 46
12 91
72 24
47 44
95 95
94 13
43 93
46 34
86 64
85 86
15 54
64 40
32 33
31 75
81 87
16 98
79 36
69 70
5 89
36 15
69 61
88 50
35 38
14 86
13 78
74 88
90 75
67 73
51 6
30 81
95 94
42 84
21 20
72 1
14 87
84 16
40 79
69 66
4 61
29 66
62 94
24 37
37 97
92 6
78 2
64 62
20 98
54 14
61 25
71 73
97 83
8 21
14 72
5 94
4 37
13 92
80 33
58 31
70 48
22 79
50 54
71 38
19 44
23 78
36 83
66 92
49 90
45 19
58 2
69 58
23 81
15 39
91 6
82 2
4 93
95 48
35 88
18 81
30 56
95 54
23 43
98 62
73 70
63 47
32 54
58 91
96 31
17 90
53 75
62 50
50 20
88 35
38 79
62 91
35 60
18 88
39 37
97 22
64 18
70 38
41 44
53 27
54 29
6 74
65 39
59 33
24 86
6 41
32 22
92 20
20 35
42 93
36 77
15 74
73 80
34 28
86 32
72 49
12 4
39 30
61 94
37 63
50 55
69 48
11 29
87 24
28 51
95 32
90 43
39 36
42 80
2 38
82 52
32 92
64 93
95 13
26 70
39 31
31 45
44 92
84 92
16 80
18 7
29 79
57 77
75 81
9 93
89 85
6 69
59 74
30 8
95 88
78 95
40 56
35 89
30 75
81 45
54 59
84 51
24 43
5 21
10 85
88 70
53 14
17 22
14 61
3 40
60 78
67 98
37 91
40 96
46 44
41 50
70 96
92 55
41 87
37 11
68 48
55 86
71 56
75 75
48 35
59 80
10 82
85 92
48 74
66 55
48 59
28 41
61 41
39 19
49 86
36 38
53 26
77 43
14 35
49 72
21 1
41 81
98 86
88 63
1 82
25 55
17 65
10 59
88 36
11 23
2 48
33 49
73 10
86 74
42 75
86 6
15 28
33 80
7 1
6 30
12 85
57 82
70 66
12 69
97 49
81 60
0 82
58 34
59 91
43 80
91 27
91 95
64 47
29 73
58 40
69 38
72 13
44 38
23 8
55 87
41 90
22 93
76 43
10 33
48 96
33 42
13 35
44 77
80 8
53 63
68 75
30 80
37 41
66 58
47 41
68 53
4 38
31 82
12 98
66 73
53 56
15 98
69 57
15 70
40 40
65 96
83 2
9 59
65 92
2 56
79 82
56 51
82 98
5 38
69 21
67 48
74 61
55 62
65 80
45 78
9 82
47 48
50 42
54 37
0 73
10 91
5 60
59 15
7 21
X
55 33
67 3
32 29
88 66
26 15
46 43
60 81
1 58
61 91
50 47
26 11
48 17
27 85
40 86
54 7
71 95
79 28
57 46
96 22
96 83
85 91
36 63
14 28
21 79
91 15
28 1
87 64
21 57
73 24
5 93
14 83
69 96
82 84
52 62
98 32
50 24
65 51
47 98
35 7
60 89
24 23
55 68
58 56
13 95
7 91
70 50
32 87
6 38
59 52
55 45
20 57
60 6
95 96
48 93
27 11
53 13
76 77
4 59
94 76
8 89
3 59
77 93
60 3
97 41
91 26
23 39
61 62
48 90
23 36
1 95
51 55
15 57
58 84
24 57
67 75
50 76
52 63
23 17
70 67
9 47
73 61
90 15
76 17
68 17
98 87
17 64
16 89
89 84
18 6
17 9
91 24
26 25
97 1
22 1
6 7
8 65
17 81
70 29
51 71
44 29
63 24
41 70
78 96
80 59
19 82
25 43
29 30
25 23
59 84
28 4
75 57
26 23
63 64
8 31
90 60
93 92
32 42
X
65 47
16 21
6 36
94 68
72 70
16 74
85 41
27 76
63 40
8 13
36 46
64 8
6 54
37 95
71 96
27 10
30 34
97 53
45 14
20 56
31 87
62 69
51 23
71 2
8 82
18 9
76 2
28 73
46 14
18 11
45 77
26 43
44 78
81 19
45 39
23 61
6 47
90 95
50 78
38 23
14 66
26 85
10 9
55 93
34 7
80 36
13 72
70 42
42 16
68 87
23 44
73 37
24 27
18 93
74 81
44 80
84 2
10 56
26 27
11 14
58 95
86 46
49 35
74 37
19 55
36 37
66 36
89 50
5 27
80 67
5 69
74 75
77 15
59 28
57 88
91 60
8 27
7 30
49 47
56 49
54 47
80 55
62 38
78 52
30 20
3 80
78 93
85 13
58 72
45 34
38 13
X
17 74
13 28
83 46
54 36
49 78
16 77
X
9 17
56 38
81 3
47 93
5 9
50 29
59 2
83 29
78 28
5 63
29 8
87 53
12 38
3 11
4 70
85 22
81 46
50 34
14 39
81 28
80 46
35 83
93 83
9 6
21 19
34 57
16 68
79 33
52 23
2 80
65 93
91 69
42 44
6 77
X
44 34
11 93
89 70
72 69
57 25
34 64
74 46
11 94
50 53
17 24
71 42
7 60
70 55
45 8
12 95
55 34
61 11
73 49
62 41
10 44
82 15
70 57
96 96
57 61
62 70
22 77
97 96
38 14
72 42
37 82
76 16
41 93
82 68
10 89
51 56
43 29
70 94
39 32
9 65
11 11
11 30
63 85
83 7
96 69
11 98
83 84
63 29
83 33
44 91
26 54
12 14
36 56
4 33
1 87
70 73
52 38
X
52 96
74 54
71 55
16 90
0 81
19 81
21 98
88 4
1 44
1 43
74 45
48 58
33 65
72 39
47 14
36 74
37 62
78 23
32 93
4 55
68 96
59 27
60 55
73 53
17 77
6 3
X
19 6
39 54
68 4
23 15
9 80
81 21
25 85
33 93
66 47
28 19
65 73
79 67
41 47
58 52
52 2
3 33
23 34
40 50
74 80
39 20
81 36
10 94
84 86
65 74
49 74
63 41
42 65
21 67
79 37
88 46
21 93
79 64
24 17
79 59
85 72
59 16
12 33
59 3
64 10
95 30
84 61
62 24
16 70
83 47
17 28
56 34
57 38
67 4
3 97
79 96
18 63
68 3
50 71
28 8
84 72
83 97
85 76
42 11
20 20
29 80
81 8
X
35 73
7 41
77 12
3 16
90 72
55 58
57 52
66 26
47 46
45 92
88 87
64 45
84 22
45 80
79 79
41 82
42 43
16 22
42 76
92 69
37 15
69 73
42 49
50 6
73 42
84 3
70 27
87 77
20 32
7 40
25 54
95 49
89 75
96 13
50 74
37 93
12 22
15 22
12 96
7 54
73 26
5 66
3 91
16 47
46 1
24 38
90 68
17 41
71 97
57 95
54 84
56 61
15 66
98 8
9 9
1 98
27 73
22 32
21 24
88 8
7 61
26 24
1 51
24 15
76 57
12 90
43 25
68 37
76 88
25 92
67 96
43 34
91 83
8 28
73 89
37 22
27 8
74 82
48 37
X
30 87
75 37
87 16
65 52
84 89
28 31
98 1
23 83
73 39
67 80
91 91
92 67
56 39
77 28
63 70
64 84
64 7
37 14
11 2
62 29
95 80
91 70
69 2
66 43
51 74
80 49
43 32
40 17
76 12
77 88
66 74
45 91
43 49
17 68
48 82
64 41
66 93
79 34
23 77
29 77
23 33
96 21
41 11
37 20
33 7
12 11
10 42
68 88
30 35
65 7
X
96 94
19 56
68 77
55 0
19 11
1 13
72 55
84 69
37 46
27 70
37 68
55 57
29 1
53 5
73 23
82 75
28 70
46 19
80 96
95 83
77 52
7 47
38 41
53 47
41 96
41 86
94 34
73 76
4 23
47 58
36 60
90 50
92 56
17 50
68 11
91 23
75 80
45 5
44 88
58 38
28 28
19 5
12 46
56 31
69 55
54 38
70 46
50 48
42 5
17 7
68 98
56 33
X
X
12 7
91 92
52 73
X
74 92
58 7
79 15
88 2
X
X
0 69
88 5
88 28
94 77
23 72
39 97
X
80 1
73 16
X
5 10
94 59
38 58
X
33 17
33 66
X
29 4
X
39 53
6 94
75 30
84 1
47 60
30 39
60 71
5 20
X
X
X
X
15 91
42 63
X
33 64
21 94
29 68
3 30
X
X
61 47
85 20
X
X
85 80
28 49
34 95
10 17
X
X
11 8
28 57
X
X
84 65
75 33
0 98
X
X
80 54
X
X
28 83
78 14
71 34
X
X
80 45
34 41
X
49 12
69 53
60 56
35 62
58 26
55 79
98 50
76 87
31 93
1 27
36 73
70 80
5 74
93 27
68 80
X
X
39 82
X
X
15 27
X
84 78
81 85
79 61
10 21
27 41
44 58
42 36
1 64
74 64
62 88
53 59
81 86
X
21 2
3 32
X
52 91
X
5 97
16 92
15 10
39 90
5 87
11 59
7 4
X
51 86
18 71
5 33
84 79
X
13 16
17 5
76 24
X
X
4 50
96 49
21 29
87 7
97 57
69 72
27 60
51 34
76 66
39 44
X
35 92
X
X
X
58 21
62 51
X
X
87 49
20 55
5 55
X
X
X
47 7
X
X
X
X
26 76
X
X
23 47
51 4
86 37
61 77
X
36 49
X
33 87
45 40
77 56
87 38
X
23 35
X
90 70
4 69
X
X
X
X
X
X
X
X
X
28 42
X
X
76 53
51 50
X
97 43
33 38
X
X
X
X
X
79 5
1 72
39 57
53 61
18 19
38 31
X
X
83 95
40 9
85 25
X
X
X
X
90 26
31 92
X
41 75
X
68 24
52 6
11 91
X
7 10
X
X
X
14 88
69 68
X
39 68
X
X
X
83 94
X
X
17 20
3 12
X
X
81 66
X
43 62
X
X
27 90
X
X
X
65 8
X
X
66 66
X
15 96
X
X
93 69
65 65
26 78
30 98
87 44
91 16
X
55 19
68 42
X
X
36 45
X
40 60
X
X
0 15
4 94
X
X
X
74 21
30 26
48 31
X
X
67 70
82 74
2 86
X
X
X
58 57
X
5 90
81 96
41 10
X
X
62 25
X
91 44
77 13
8 47
X
98 71
79 84
59 66
X
77 17
X
6 84
14 7
X
8 49
X
X
60 29
X
1 19
19 57
X
59 38
X
X
98 51
X
X
65 48
54 21
X
44 90
X
10 93
53 17
17 16
11 22
X
94 70
90 17
X
13 23
X
76 78
58 85
X
X
51 51
67 81
X
X
73 43
90 0
62 9
X
X
51 25
75 46
6 90
25 84
13 61
82 20
X
24 75
X
35 10
83 86
X
X
75 21
56 29
82 48
X
53 80
52 18
46 21
X
X
36 72
X
1 68
57 23
X
X
88 53
X
28 80
X
X
X
X
X
X
X
X
67 26
11 54
X
X
93 78
26 12
88 83
70 31
12 25
77 21
X
38 33
77 69
89 53
X
X
70 32
91 34
82 73
24 6
67 63
X
X
18 59
X
21 72
X
90 51
X
X
67 45
37 77
X
X
20 70
X
X
27 21
91 4
87 35
10 32
11 33
X
22 13
77 47
X
56 9
87 3
X
82 31
32 3
31 25
38 68
45 43
X
X
83 26
86 42
X
X
X
40 25
X
11 61
X
22 42
X
13 87
X
66 37
40 77
X
77 89
39 21
7 80
X
X
57 90
35 49
X
X
27 58
X
13 86
X
X
43 28
43 1
24 84
X
29 81
X
X
77 51
X
94 44
70 95
56 52
95 77
X
X
X
96 32
18 27
X
X
98 68
X
79 14
46 33
60 53
52 56
X
X
31 39
42 10
X
X
53 65
96 45
56 87
17 91
56 94
0 95
X
43 59
X
45 82
67 77
X
85 51
69 22
31 2
X
16 81
15 34
X
X
20 58
X
X
X
X
X
38 1
41 57
X
X
X
77 45
X
50 7
X
77 24
25 30
63 35
61 53
X
X
X
X
27 34
19 73
X
61 26
X
29 50
40 23
28 74
64 96
X
57 73
X
X
X
30 37
73 95
6 42
X
X
36 52
74 87
22 30
4 71
44 54
X
X
X
83 61
X
X
48 50
X
X
73 86
27 14
17 40
X
8 93
41 38
31 26
X
X
X
X
5 51
42 24
23 75
X
24 94
14 19
18 75
24 95
X
18 62
27 82
43 37
58 80
X
32 31
11 72
X
10 67
78 79
X
78 15
X
X
17 14
58 54
94 92
31 57
X
X
91 63
54 90
0 50
13 40
X
X
67 74
55 82
X
55 32
X
X
X
26 73
X
86 54
93 91
76 71
78 82
X
74 53
61 36
41 48
48 60
X
98 31
X
X
X
65 62
X
X
33 18
X
X
50 79
X
17 96
23 7
29 75
8 12
86 53
8 41
X
14 18
54 63
52 51
X
6 85
X
11 56
88 41
18 65
X
9 25
47 59
X
X
X
X
13 33
X
27 74
23 37
9 67
35 39
X
33 26
X
53 45
67 55
48 85
96 57
11 69
56 42
47 6
X
4 49
37 36
73 59
28 50
X
18 28
8 50
71 32
74 8
63 7
X
X
55 46
50 62
X
79 75
X
75 91
X
54 1
62 93
44 50
19 71
X
X
94 83
69 83
X
58 4
85 16
47 52
95 14
44 37
X
70 44
37 92
X
1 48
67 57
24 59
92 22
X
46 64
X
X
X
4 76
X
2 49
67 22
X
X
X
X
X
86 41
65 69
97 67
X
X
13 79
27 39
54 86
X
79 87
29 37
X
31 86
86 18
28 91
X
55 5
X
X
X
90 65
54 58
X
64 59
X
X
X
27 78
96 11
32 41
42 7
X
25 53
X
34 65
X
17 54
X
59 71
X
65 49
86 3
X
15 71
X
87 85
55 88
11 86
23 90
42 95
X
27 64
X
30 86
X
20 62
81 25
X
X
X
X
74 22
63 25
72 89
X
38 37
X
10 37
X
2 59
6 26
83 67
X
85 52
36 62
40 12
0 68
70 8
21 21
30 30
X
X
X
X
X
55 85
41 67
X
49 14
X
X
18 5
28 58
X
X
19 80
92 70
X
33 11
X
80 93
30 15
X
14 69
52 52
43 94
8 57
X
57 51
X
12 1
80 30
37 87
17 17
X
X
7 7
X
26 41
X
X
X
X
X
X
61 29
X
15 77
43 53
X
X
X
X
45 37
X
9 60
72 47
X
52 60
X
X
X
X
37 66
X
X
67 41
57 33
X
96 36
X
73 35
7 2
15 64
X
X
41 92
85 35
79 10
75 72
66 34
X
13 14
87 43
76 93
X
60 86
X
20 73
X
X
X
75 51
36 30
X
57 34
X
45 24
32 2
29 42
X
44 60
20 27
X
X
X
X
69 90
31 32
X
97 92
X
X
X
24 26
59 96
X
53 18
76 28
35 19
X
20 41
X
10 68
X
X
X
X
78 35
20 42
X
71 7
77 67
X
X
87 52
24 36
8 40
X
X
X
20 72
61 65
X
80 65
13 89
X
81 48
28 78
4 3
X
44 48
5 61
22 69
8 30
90 63
97 59
71 70
50 72
X
X
92 92
X
95 78
61 85
91 98
X
17 84
59 92
X
61 89
21 28
71 52
X
8 96
X
44 96
30 43
21 17
X
X
95 47
X
X
47 70
X
20 14
X
6 40
64 49
22 95
95 39
29 97
X
94 46
X
4 51
95 64
91 20
34 88
78 31
X
95 70
X
80 92
83 40
X
31 71
6 21
X
X
94 37
X
39 51
47 28
X
X
X
80 47
48 56
38 0
X
X
90 46
49 57
36 50
96 26
X
50 67
X
X
13 59
54 83
39 11
X
X
48 45
82 25
X
63 76
70 20
X
X
39 45
31 94
X
80 22
X
X
15 53
X
X
X
X
96 89
36 88
X
X
87 80
X
87 46
8 91
83 38
X
X
X
35 63
13 77
X
10 84
22 44
60 85
X
X
46 18
X
X
94 55
X
1 97
63 38
52 21
X
24 53
X
X
X
98 78
27 91
64 72
89 62
X
90 76
36 86
X
X
X
56 69
26 28
X
17 6
2 0
X
59 40
53 28
72 72
28 72
X
27 98
X
X
X
76 23
12 6
X
86 83
65 90
63 75
95 65
66 83
27 83
X
X
X
X
23 2
X
X
53 74
X
X
X
48 77
X
94 27
3 27
65 17
66 40
39 17
6 98
X
42 78
77 91
67 39
X
X
