59 1
74 1
79 1
81 1
87 1
126 1
126 2
155 1
157 1
9 2
41 2
45 2
69 2
126 3
164 2
179 2
191 2
43 3
53 3
59 3
74 3
167 3
41 4
61 4
76 4
178 4
191 4
17 5
29 5
45 5
98 5
9 6
62 6
75 6
102 6
113 6
117 6
148 6
172 6
175 6
17 7
64 7
63 6
86 7
46 2
98 7
64 8
175 7
61 5
100 7
147 7
165 2
45 6
171 7
54 3
60 8
117 7
126 8
17 8
149 8
155 8
188 8
191 8
11 9
180 2
149 6
79 2
181 2
10 6
45 9
47 9
87 2
135 9
147 9
167 4
192 9
6 10
75 1
166 4
98 8
41 10
44 10
174 10
188 10
61 11
63 11
65 11
162 11
87 3
182 2
66 11
148 9
41 5
175 11
8 12
23 12
76 5
162 12
77 12
79 12
96 12
192 2
76 1
99 12
11 13
77 13
95 13
106 13
42 5
60 3
109 13
156 8
126 13
10 14
107 13
12 14
81 2
127 13
165 4
49 14
51 14
98 14
157 14
8 15
39 15
8 16
42 15
97 15
26 16
69 3
150 16
176 16
32 17
41 17
84 17
55 3
33 17
86 17
99 17
101 17
106 17
117 8
110 17
106 14
30 5
150 6
145 17
19 18
42 17
87 18
135 18
193 2
138 18
56 3
102 7
77 14
95 14
148 18
17 9
158 18
169 18
187 18
190 18
189 8
32 19
47 2
136 18
41 19
182 3
44 6
65 19
84 19
100 12
18 5
134 19
147 19
157 8
96 14
47 10
106 15
162 19
78 14
189 19
51 20
54 20
56 20
52 14
66 20
187 20
107 17
49 15
2 21
59 4
20 21
59 5
53 21
79 3
53 14
87 7
126 14
66 12
55 21
173 6
187 21
63 8
87 4
149 18
57 21
75 7
24 12
102 8
146 21
148 21
1 22
7 16
6 22
59 6
164 4
79 4
11 6
12 15
91 22
93 22
102 17
137 22
145 22
147 22
138 22
95 23
122 23
146 23
114 6
171 8
13 24
21 24
127 8
182 4
81 3
116 8
176 17
80 12
182 5
188 11
23 24
107 15
42 10
99 24
57 22
102 24
113 24
117 24
54 14
49 16
24 25
118 24
178 5
105 25
103 24
91 23
176 18
53 15
122 25
147 20
31 5
182 25
21 26
32 5
97 12
28 26
62 8
48 10
34 26
52 20
42 19
113 26
22 26
129 26
1 23
167 26
60 1
77 15
138 19
183 25
177 26
34 17
166 2
110 18
101 12
170 18
24 27
14 24
3 21
38 27
95 24
192 10
106 18
59 7
191 10
61 1
77 16
99 8
35 17
146 17
151 16
40 27
94 22
41 6
123 23
49 27
88 7
93 23
74 27
97 16
181 5
177 27
157 15
74 28
76 27
38 28
126 4
49 10
84 27
101 27
115 27
158 8
175 8
7 10
117 27
125 27
49 17
174 8
85 27
127 4
113 27
130 27
181 27
67 20
127 9
36 17
105 26
135 10
146 18
122 26
74 29
41 7
178 27
100 13
171 18
114 28
116 28
122 28
7 11
194 2
99 5
149 28
172 18
5 29
33 29
4 21
78 16
8 13
88 29
6 11
41 27
114 24
75 3
115 6
128 4
68 20
6 23
23 26
21 27
10 2
159 8
142 29
122 29
150 28
158 29
85 19
179 27
135 11
160 8
24 28
115 24
151 6
192 29
6 24
87 30
49 18
155 2
158 30
129 4
5 30
159 18
110 13
136 11
137 11
94 30
80 13
75 29
188 18
155 3
173 18
1 24
45 7
182 27
173 19
196 30
134 20
119 24
35 31
62 31
104 31
6 12
152 16
93 24
51 21
105 27
122 31
106 19
126 31
1 25
170 31
50 27
124 23
80 14
62 1
20 32
29 32
6 13
51 32
119 25
35 32
123 26
161 8
151 28
2 25
67 32
6 14
102 18
50 18
104 24
192 11
85 32
126 27
145 32
100 14
119 26
135 20
173 20
169 32
34 33
127 27
138 20
86 27
63 1
155 4
70 3
38 29
123 31
15 24
105 34
175 9
188 12
48 2
108 34
52 32
152 17
79 16
126 28
107 19
100 24
155 5
101 28
104 35
25 12
100 5
191 18
80 16
158 31
189 12
107 35
13 15
93 25
84 20
117 9
193 29
152 28
88 4
180 5
109 35
160 9
159 31
33 30
125 35
178 35
192 30
192 31
182 35
153 28
188 35
29 26
160 10
192 35
11 36
30 26
38 36
85 33
44 36
77 27
31 26
3 25
21 32
78 36
124 31
81 4
179 35
125 23
108 36
142 36
180 3
104 36
145 36
146 36
151 7
84 21
32 26
117 10
158 36
145 18
101 5
45 36
36 18
95 25
12 36
145 33
134 21
162 36
76 37
159 10
188 13
102 19
164 5
118 37
151 37
178 37
82 4
6 25
100 28
184 37
99 25
39 36
191 37
110 14
74 4
22 32
112 38
19 5
117 38
121 38
87 27
189 35
131 38
155 38
110 15
171 9
5 25
168 38
132 38
171 38
180 38
187 22
119 37
23 32
85 21
130 28
182 38
30 27
33 5
160 18
161 18
40 15
127 10
188 14
192 38
33 31
39 29
99 26
91 24
11 2
143 36
130 4
190 35
160 19
99 28
66 13
160 31
180 39
134 22
26 12
1 39
126 10
30 32
169 38
126 23
179 39
180 35
125 10
137 20
179 28
119 27
11 10
105 31
67 33
7 14
49 2
138 11
153 29
126 35
177 18
168 39
79 36
42 39
74 30
153 30
156 5
155 39
179 29
65 8
158 10
135 22
71 3
42 40
192 32
179 30
2 39
127 35
108 19
76 39
119 28
144 33
39 16
77 39
183 27
41 40
46 36
40 29
89 7
145 19
147 36
153 31
193 32
79 39
101 19
87 19
80 39
134 23
30 28
152 31
63 31
171 10
34 27
67 34
164 6
88 27
87 20
130 3
90 7
180 36
139 11
151 8
43 40
71 4
151 9
142 37
110 39
64 31
178 18
151 39
147 37
5 26
32 31
89 4
157 10
33 6
152 18
182 39
51 27
195 2
172 10
86 28
90 8
13 36
170 39
172 38
171 11
145 20
178 39
102 28
173 21
161 31
183 35
100 19
11 37
188 39
140 11
109 15
134 24
11 11
194 32
143 29
80 36
78 37
30 33
52 27
189 39
117 25
195 3
3 39
53 32
69 4
11 40
130 2
46 37
6 30
109 19
53 27
16 24
65 31
34 18
184 38
69 5
152 39
23 40
67 35
29 33
117 39
23 33
168 26
151 40
31 33
4 39
19 19
49 3
49 40
105 36
10 11
83 4
23 34
46 38
29 28
4 40
74 31
130 1
183 39
178 30
100 15
147 38
151 41
21 28
74 32
152 41
156 15
54 40
20 5
66 40
91 40
188 40
94 40
4 41
188 41
158 15
42 41
106 31
133 40
162 37
33 7
31 6
145 40
50 40
151 31
51 18
142 38
159 40
92 40
100 16
103 25
161 30
99 19
128 35
39 41
46 39
88 8
189 14
53 41
90 41
41 29
94 41
52 18
180 30
150 31
146 40
149 31
158 41
104 37
103 28
14 42
15 25
149 30
192 12
192 39
75 32
45 39
38 42
160 20
107 31
51 22
181 30
104 38
12 2
49 42
120 37
133 42
24 40
172 39
182 30
155 42
160 21
134 42
54 32
1 43
85 34
88 9
25 40
116 10
13 43
41 30
17 43
195 4
195 5
143 33
171 12
130 29
142 39
151 43
183 30
67 40
53 4
38 43
85 35
68 44
66 14
92 41
65 14
157 5
66 35
9 11
81 44
188 36
167 27
63 45
42 7
190 14
128 36
117 11
192 13
46 40
26 40
51 28
159 21
142 33
68 45
46 41
31 7
124 45
4 26
150 9
82 44
41 31
6 46
53 5
39 17
16 46
108 31
55 32
143 39
27 40
12 3
15 26
81 45
7 46
124 10
159 36
8 46
41 46
143 40
43 46
140 10
149 29
103 27
28 40
29 40
22 28
51 40
168 40
76 32
129 1
45 41
195 32
22 34
64 45
147 40
191 39
65 46
167 46
86 21
41 47
184 27
94 42
21 34
38 44
123 10
46 42
165 6
179 18
135 24
171 46
142 40
90 42
77 32
13 44
168 41
17 44
39 44
192 40
190 46
78 38
17 47
49 43
12 4
158 21
47 47
7 30
40 36
63 47
11 4
56 32
12 11
103 47
192 41
51 29
51 30
44 46
115 47
3 41
171 19
171 20
128 37
128 38
118 47
136 24
6 48
68 46
133 38
49 4
184 28
14 48
124 46
65 48
53 18
70 48
179 48
78 27
119 47
160 36
182 48
191 48
104 47
2 41
183 48
141 10
162 38
191 41
65 49
130 30
192 14
193 3
15 27
34 19
112 39
25 49
183 49
66 31
122 10
90 43
152 37
117 12
31 49
67 46
10 4
116 12
141 9
116 47
16 44
4 42
95 30
65 35
171 21
28 28
155 43
86 35
153 37
76 31
154 43
7 48
183 50
52 40
152 49
27 12
172 40
188 22
39 18
49 44
94 43
128 39
189 22
167 28
96 30
190 41
189 21
115 12
40 31
51 23
190 49
51 24
154 37
182 50
180 48
39 31
51 50
183 31
54 50
63 50
96 50
179 17
88 10
97 30
46 43
50 30
119 50
121 39
54 5
23 35
98 30
190 50
64 1
134 38
179 50
158 20
41 48
13 51
38 31
44 47
4 43
46 44
158 19
51 51
45 44
98 31
15 42
144 29
183 51
196 32
118 39
119 48
89 3
161 38
50 51
180 50
192 18
145 29
16 42
115 48
51 41
172 12
15 51
97 50
25 51
168 46
89 2
14 44
39 19
179 16
127 39
89 10
91 25
28 27
69 46
141 40
76 33
191 50
77 51
44 44
90 51
105 47
105 51
13 11
193 18
173 12
87 35
115 51
118 51
13 10
162 39
23 36
65 1
156 10
172 46
152 43
88 35
115 49
28 52
169 46
49 5
114 12
190 51
113 12
14 27
48 52
57 32
124 47
106 47
109 31
13 12
182 29
54 52
8 30
170 21
191 46
127 52
161 29
151 18
21 5
158 42
50 44
79 27
29 41
28 41
116 51
6 49
130 52
141 41
31 28
78 51
6 26
9 4
152 19
141 52
168 28
125 47
104 39
98 50
7 26
3 43
91 43
145 52
42 48
13 13
153 52
63 48
179 51
146 52
168 52
168 53
43 44
89 1
178 16
55 40
147 52
9 46
32 49
116 49
98 51
81 46
98 52
52 24
151 30
92 43
126 47
169 53
193 4
126 39
179 31
55 41
145 30
80 46
48 5
169 47
30 29
180 52
113 11
15 48
11 38
28 12
125 39
91 51
179 32
113 10
49 6
173 46
110 31
54 18
97 52
182 52
49 7
55 42
160 29
80 27
152 20
69 6
158 37
127 23
125 38
64 14
98 19
191 52
33 49
49 30
194 31
79 46
194 52
38 53
16 51
28 42
172 41
142 30
47 53
152 53
83 3
166 6
155 53
52 51
83 2
63 51
161 21
142 31
155 10
192 52
90 1
151 29
126 46
193 5
26 51
13 45
157 53
179 53
51 44
105 39
183 53
192 5
53 24
81 27
49 54
51 54
158 5
48 7
55 18
155 9
12 38
13 46
148 52
97 19
70 46
34 49
117 40
53 54
98 53
193 19
77 54
161 32
169 28
41 36
117 41
162 21
179 19
128 52
9 30
131 54
134 54
55 17
64 35
16 55
26 49
131 52
22 36
105 55
155 11
120 39
108 55
106 48
83 1
148 53
110 55
194 30
158 4
155 12
155 13
115 52
48 47
167 6
156 13
141 55
170 28
70 6
131 55
173 47
140 41
68 56
85 56
120 56
142 52
66 1
143 52
178 32
13 38
126 45
153 49
55 5
42 44
171 41
49 47
47 54
27 49
57 33
171 28
1 40
179 54
92 51
89 35
64 51
16 48
91 1
55 52
49 8
47 3
66 2
122 56
127 45
132 56
21 36
193 20
78 54
8 26
89 34
123 56
140 9
146 56
121 40
35 49
13 52
28 13
86 56
141 56
133 56
152 21
164 56
152 54
13 53
165 56
14 38
193 21
162 40
139 41
17 51
106 49
193 22
34 20
70 45
12 5
90 10
81 28
56 5
169 19
43 48
192 46
168 56
155 14
13 27
28 49
17 52
134 39
41 49
92 52
86 8
6 50
143 31
38 30
158 3
191 56
177 32
36 49
172 28
50 47
172 47
134 56
31 8
106 39
128 45
194 56
98 32
110 57
55 53
192 22
121 41
169 48
124 56
130 31
128 3
66 3
128 23
17 53
22 5
52 44
51 52
129 31
9 26
159 42
71 6
6 51
52 30
54 24
119 57
55 16
141 57
106 55
76 34
55 24
41 50
75 34
125 57
51 47
128 2
107 39
55 54
131 57
35 20
129 45
42 36
131 58
51 55
118 41
197 57
36 20
28 14
114 10
56 24
195 56
191 57
131 39
5 58
13 26
56 58
138 41
53 44
78 58
80 58
133 58
111 31
169 58
65 3
161 33
176 58
92 53
129 23
131 40
166 56
23 5
17 55
119 58
68 59
17 56
77 59
6 52
128 31
81 29
105 49
104 59
17 57
169 20
80 29
27 51
104 49
151 21
121 59
37 49
50 55
19 60
98 54
55 33
125 58
25 52
160 33
32 8
120 41
164 57
142 57
28 15
14 39
57 58
19 61
158 38
110 58
164 58
193 46
21 60
173 28
53 33
130 23
98 33
72 6
55 55
96 19
6 58
101 60
56 6
64 15
157 9
197 58
52 55
112 31
144 31
29 6
20 36
54 55
115 53
177 28
105 56
28 50
120 60
174 28
14 40
130 24
28 16
157 60
81 58
78 46
20 35
41 44
58 61
42 37
89 33
63 15
40 37
56 7
117 42
156 61
102 60
148 54
139 9
10 30
22 60
97 33
57 24
171 61
105 57
51 33
158 60
64 3
173 61
173 62
25 53
42 43
87 34
51 34
5 62
138 9
170 41
68 60
38 62
164 59
13 25
91 62
23 13
87 33
53 30
39 62
52 47
58 62
19 62
121 42
177 58
138 42
63 3
174 27
27 42
168 48
131 41
142 41
79 54
103 49
180 54
159 33
79 29
130 62
87 56
30 63
147 54
191 22
10 46
32 63
128 30
26 42
10 47
125 59
159 38
72 63
194 46
55 15
6 62
23 14
26 53
14 53
125 37
112 32
108 39
128 63
178 58
20 33
27 53
58 58
143 41
158 33
179 58
53 47
126 37
121 43
62 15
96 33
159 60
92 62
132 63
7 62
157 3
77 46
7 58
46 64
148 55
103 64
158 2
16 53
54 44
158 32
40 62
23 60
143 64
38 49
81 59
10 48
54 47
195 57
100 18
147 64
69 60
93 62
23 65
91 2
125 36
23 15
24 65
38 65
38 37
74 34
76 46
42 65
103 48
134 57
110 59
103 60
170 48
39 65
61 15
13 54
131 42
168 65
172 65
186 65
30 66
57 62
148 56
96 66
59 58
42 50
191 58
7 52
191 21
108 38
191 19
51 35
11 67
148 64
13 47
29 7
97 54
76 45
112 33
13 55
42 66
14 67
16 67
103 50
52 67
86 9
112 34
25 65
116 53
56 62
51 36
54 67
160 60
144 64
98 67
96 54
73 63
24 15
191 59
62 3
158 39
120 43
116 67
63 35
120 67
117 53
47 55
124 67
25 42
111 34
145 67
23 6
52 68
94 62
176 19
38 50
70 60
130 45
169 65
173 65
87 32
95 33
179 59
77 45
191 60
88 56
123 57
147 67
109 59
101 61
98 68
105 58
101 62
149 64
171 48
38 38
106 38
83 68
102 68
107 68
103 51
126 68
155 68
8 58
8 62
194 47
125 67
74 63
64 2
91 3
150 21
91 4
150 20
38 51
179 60
61 14
25 15
62 35
148 57
187 65
43 66
38 66
92 54
40 69
14 55
13 56
125 60
178 69
13 70
74 33
130 46
129 46
160 61
69 70
156 62
31 66
55 23
154 49
24 42
174 26
83 70
134 70
83 71
156 68
177 70
71 60
117 67
4 71
5 71
105 71
80 54
38 39
157 11
69 56
121 10
96 67
25 66
55 67
23 42
89 56
145 68
37 51
53 29
157 12
113 9
103 68
25 67
59 62
76 47
28 72
108 59
76 48
156 63
149 65
124 68
44 43
124 69
81 60
90 52
143 57
170 65
119 43
169 49
107 69
88 32
107 59
33 63
118 43
55 7
44 37
86 72
17 67
118 67
124 60
87 72
75 63
56 67
60 58
25 68
120 10
46 65
123 60
55 47
95 67
113 8
90 53
8 59
48 55
168 72
112 35
8 52
49 28
170 72
64 49
18 73
36 50
77 34
94 67
23 16
38 67
56 68
27 73
34 63
131 62
112 36
23 61
135 70
53 6
65 36
16 68
155 49
34 73
64 4
169 50
130 63
33 50
53 43
143 53
149 66
13 40
53 23
70 70
52 36
36 73
73 6
61 13
162 41
34 74
55 73
160 11
79 73
185 73
188 73
40 74
169 59
72 60
160 12
64 5
144 57
96 32
186 73
50 74
19 63
121 74
179 69
80 60
139 74
66 49
70 56
110 32
137 9
173 26
108 32
33 51
120 9
16 69
124 70
141 74
136 70
141 75
69 7
22 16
162 42
6 71
159 74
162 74
122 74
41 62
7 71
37 73
84 68
42 62
76 49
75 64
168 74
153 54
35 75
61 58
145 64
101 63
34 64
111 75
106 59
179 70
56 73
137 70
169 74
13 57
121 9
43 50
71 56
197 59
70 44
94 31
16 27
22 17
160 13
118 68
18 74
147 75
62 58
17 74
94 32
39 39
84 71
147 57
171 72
160 62
10 26
169 60
95 54
68 47
54 68
161 75
169 51
130 25
172 26
145 65
11 76
80 73
143 54
194 48
17 27
23 7
39 67
170 51
85 71
189 73
17 76
73 60
42 67
43 62
123 74
170 74
34 76
17 77
51 74
139 76
66 15
81 54
85 68
9 52
124 74
15 69
145 57
17 78
53 36
168 60
148 58
163 74
86 10
69 71
86 29
160 63
36 75
167 60
20 63
74 60
66 4
27 74
66 36
45 65
106 32
14 69
140 75
146 76
32 51
143 58
90 54
138 70
21 63
66 5
159 76
142 54
130 64
17 26
120 11
165 76
148 59
86 68
8 60
106 60
69 72
57 73
10 52
10 27
174 76
165 77
166 60
124 71
178 60
122 11
188 76
89 54
150 19
44 62
144 41
72 56
51 43
111 76
159 13
122 60
95 53
146 77
83 77
66 16
8 71
130 65
107 70
31 51
107 71
139 70
193 48
87 68
84 28
171 51
38 40
95 52
146 78
165 60
24 68
84 72
167 61
68 72
160 74
21 17
125 74
40 70
194 49
140 77
143 65
190 73
8 72
45 62
77 49
79 60
148 77
37 74
105 60
185 74
88 54
104 68
20 17
47 48
161 77
66 37
159 63
122 12
24 78
88 68
16 70
88 69
14 57
124 78
175 78
81 55
84 29
148 78
10 28
125 71
106 50
23 41
57 74
15 57
177 78
122 13
78 29
15 79
78 60
28 79
146 53
10 51
93 79
168 75
176 20
148 75
140 12
125 79
140 13
168 76
176 79
158 13
7 60
151 22
95 62
38 68
105 61
194 50
190 74
12 67
78 49
16 80
65 16
74 80
144 54
41 74
74 59
177 20
8 73
145 54
161 13
160 14
54 36
176 80
190 75
60 62
34 77
75 65
189 76
193 50
10 50
140 70
77 80
149 67
28 80
186 66
121 13
72 59
79 49
149 68
53 7
23 17
11 68
114 80
104 61
149 75
46 66
16 71
149 78
50 75
179 71
129 47
157 68
116 80
185 75
140 80
95 51
176 81
70 59
143 80
17 80
148 68
24 81
55 36
76 81
23 68
62 59
83 81
94 81
104 32
139 81
126 71
75 80
179 72
171 26
141 81
177 60
42 82
91 63
22 63
73 56
93 82
120 13
106 61
177 81
158 63
178 78
152 82
162 82
192 82
23 8
104 33
153 82
179 61
79 74
105 68
118 69
93 83
38 69
21 83
41 83
178 20
141 70
56 36
16 72
56 83
22 68
117 80
102 69
152 22
118 70
114 83
67 16
88 70
118 83
161 42
28 74
161 83
57 36
190 47
74 65
118 80
46 67
170 26
25 78
83 72
125 75
43 82
128 47
152 55
129 65
150 75
24 17
78 80
166 83
93 84
7 84
82 72
27 84
169 76
60 61
125 76
11 69
29 74
49 84
143 81
107 84
178 81
129 48
161 84
124 84
34 65
154 82
82 73
44 82
127 71
80 49
141 82
120 14
22 83
47 49
62 60
141 76
193 82
62 61
102 70
88 53
143 82
153 84
141 71
27 85
31 50
28 81
192 60
118 84
156 49
158 62
69 8
35 77
118 81
12 85
154 84
43 85
93 85
8 84
34 66
41 84
164 85
120 15
21 86
117 70
68 16
125 77
7 25
161 85
23 86
128 24
143 83
172 27
131 65
25 86
94 79
139 82
175 76
9 50
62 62
95 79
40 86
160 15
45 82
30 74
67 72
67 37
125 84
69 86
79 75
57 35
142 83
66 6
81 49
161 15
141 72
155 84
21 87
52 69
7 27
25 41
186 67
68 37
143 42
25 43
143 55
52 70
26 78
73 86
81 86
67 49
109 86
155 82
179 81
31 52
191 86
158 61
82 86
7 87
121 15
129 49
66 72
178 72
84 30
164 74
165 74
89 57
53 70
189 77
89 58
55 74
139 83
65 6
83 73
15 72
65 72
24 87
26 87
143 59
23 83
27 87
114 84
83 86
74 86
190 77
50 84
22 87
174 29
114 85
150 76
30 87
77 29
57 83
45 67
157 49
71 87
75 86
66 7
44 50
44 49
158 49
170 87
33 88
85 30
76 86
71 88
163 82
39 70
24 83
108 84
72 88
41 70
170 76
64 72
41 88
36 77
12 69
94 85
78 81
79 76
81 88
55 75
42 70
74 81
89 59
194 82
191 77
142 42
98 88
93 67
84 73
192 86
74 82
102 88
162 15
147 88
186 88
23 9
51 84
106 62
84 81
109 84
6 27
126 84
168 61
32 89
70 86
6 60
142 59
81 56
85 73
128 71
55 35
127 84
129 71
69 89
52 84
74 83
74 89
91 64
31 53
84 74
118 85
161 86
191 78
143 66
85 81
168 62
24 18
27 78
130 71
91 89
193 60
152 56
150 17
121 75
104 89
69 16
92 89
70 16
174 30
99 88
107 72
41 86
73 88
30 73
163 75
93 89
148 88
5 27
171 76
23 18
143 43
114 89
140 83
116 89
9 84
136 89
12 76
128 84
47 50
118 86
30 75
22 18
165 85
176 76
92 64
170 89
143 67
79 77
149 88
174 31
10 84
46 62
103 88
75 83
185 89
51 90
26 79
98 90
64 71
118 90
162 86
193 86
24 19
11 84
27 81
114 86
68 36
180 81
60 59
169 62
65 71
114 90
180 90
186 68
129 50
114 91
80 77
86 81
82 49
185 76
115 91
143 44
95 85
27 75
130 70
42 86
171 75
31 54
161 78
52 90
177 72
14 72
160 78
87 81
190 78
115 86
1 91
137 89
150 88
25 83
152 57
3 91
140 72
87 82
100 88
58 59
32 54
150 77
96 85
11 91
53 90
93 64
30 91
139 72
177 76
179 80
41 91
141 59
26 83
22 9
172 51
70 17
70 18
54 75
37 77
159 78
68 49
31 87
26 80
7 88
24 79
128 85
102 89
122 15
125 80
73 65
100 91
5 60
185 77
128 50
124 80
102 71
136 91
147 91
87 83
24 20
143 45
166 85
94 64
96 68
46 68
46 82
42 87
53 84
96 69
130 69
25 44
180 72
42 74
8 88
82 88
122 14
56 59
100 92
43 74
118 91
142 45
7 73
98 91
27 76
179 62
151 88
159 49
175 91
194 86
110 84
46 69
185 91
119 70
11 92
7 85
168 63
160 49
32 87
114 92
170 60
176 91
87 84
54 70
53 35
147 92
24 21
173 31
91 92
21 9
123 13
56 60
176 92
162 78
13 93
25 45
117 91
20 9
61 93
43 87
124 13
106 63
194 87
98 92
76 87
120 70
164 82
181 90
125 11
9 88
84 93
120 69
106 64
92 93
179 79
108 72
11 93
130 68
114 93
21 68
14 93
4 91
175 92
138 89
61 94
117 93
151 93
130 67
194 88
33 54
96 79
178 62
70 8
165 82
42 63
170 90
121 76
159 93
72 65
126 24
194 60
43 70
117 89
122 76
193 93
187 68
5 59
108 73
56 75
71 89
58 83
83 74
37 76
129 67
194 93
196 93
34 54
53 85
83 88
172 50
188 68
21 67
76 88
187 88
127 85
64 73
128 67
193 88
46 83
127 86
27 94
170 91
55 70
33 66
43 94
61 95
88 94
195 60
48 50
23 21
142 94
147 93
127 50
180 94
1 95
33 95
76 83
41 95
33 96
86 84
101 92
127 67
80 56
109 73
31 91
41 96
23 67
87 95
70 19
64 74
144 59
46 84
114 95
117 95
70 20
126 50
23 63
141 95
143 95
181 95
194 95
44 94
102 72
97 79
121 77
143 96
47 51
94 89
181 96
125 12
10 88
196 95
118 92
145 59
42 96
141 45
81 77
165 86
110 85
71 90
128 68
11 88
40 63
74 96
41 97
118 95
84 86
62 95
74 97
76 96
148 93
44 95
31 97
196 60
11 89
88 59
62 97
87 97
181 72
110 73
107 85
21 62
95 97
102 97
13 72
124 97
84 88
44 96
82 74
175 97
35 54
97 80
115 95
97 81
126 70
44 74
139 89
105 64
46 85
84 89
53 86
72 64
5 98
32 64
107 86
46 86
32 98
94 90
43 98
67 17
87 59
140 14
188 88
77 98
13 73
107 87
55 76
126 49
76 89
84 98
32 91
172 49
160 93
102 92
85 84
121 78
99 98
33 98
109 98
160 50
132 98
84 84
181 71
182 90
79 28
189 68
95 69
66 17
133 98
38 63
138 72
28 76
40 87
152 88
74 56
177 62
71 91
139 14
140 45
179 82
39 87
137 98
36 54
25 84
64 75
44 75
194 89
175 93
126 86
190 68
65 75
95 64
149 93
179 83
83 84
77 55
139 45
143 68
85 93
5 100
164 86
190 67
175 94
70 91
79 30
77 83
84 75
103 92
122 78
138 98
84 76
69 36
86 93
29 76
81 89
127 11
88 97
21 100
116 68
107 88
53 100
126 48
1 92
103 72
167 100
45 86
175 95
169 100
186 100
188 100
163 78
121 79
76 90
70 36
86 59
111 73
108 88
169 101
94 91
176 97
19 101
22 101
52 101
103 97
10 89
84 101
79 31
104 101
154 101
107 60
71 36
54 100
157 101
149 92
107 58
158 101
178 76
196 96
134 98
104 92
88 98
121 80
44 98
149 89
189 100
59 83
166 101
176 62
109 88
28 94
178 101
138 45
181 101
189 78
125 97
195 59
72 91
104 97
190 101
55 100
110 98
46 70
87 93
6 102
172 31
178 83
55 101
96 81
172 52
138 44
72 66
160 51
139 98
122 80
12 102
73 91
37 54
88 99
177 83
155 85
60 83
104 91
87 99
102 91
65 102
75 102
71 37
44 70
83 83
78 102
161 93
142 102
74 98
84 99
79 32
147 102
83 49
1 93
172 30
126 51
33 91
159 101
175 102
177 102
179 102
176 95
183 102
143 102
108 74
44 86
176 61
66 102
186 102
5 103
144 102
172 29
85 99
83 82
125 51
74 91
16 103
148 102
6 98
66 75
41 98
29 103
132 103
71 92
60 84
148 103
60 85
187 102
19 9
159 103
23 84
175 103
190 102
20 104
157 69
13 102
81 90
72 67
19 8
45 104
133 103
175 104
126 97
14 102
53 104
71 93
55 104
125 52
172 32
149 90
56 70
137 72
119 104
177 95
67 102
182 91
36 55
130 50
76 91
12 89
85 83
140 89
94 69
134 104
139 99
78 83
44 76
2 93
181 70
134 105
38 87
179 104
82 90
189 104
21 8
46 104
136 72
21 6
181 69
165 87
159 104
84 94
73 67
67 105
52 86
30 103
83 90
194 90
186 103
69 105
179 105
68 102
148 104
75 105
155 101
148 90
47 104
125 86
135 72
70 93
48 104
160 52
150 90
139 100
104 72
166 87
182 101
12 103
180 105
179 76
19 102
69 49
74 57
178 95
71 8
118 105
80 32
166 102
136 105
107 74
138 100
180 76
134 72
48 106
54 106
74 67
12 73
131 50
181 102
186 104
76 92
65 106
5 101
102 106
31 103
26 45
187 104
37 87
169 106
75 67
111 98
49 106
176 83
27 45
8 74
188 78
172 53
93 91
162 93
155 86
66 74
52 102
176 106
53 102
188 106
53 87
12 107
103 106
135 98
148 105
85 82
91 107
190 104
75 66
66 73
124 86
84 95
112 98
97 107
93 69
105 101
141 89
98 107
63 95
13 76
19 6
175 107
35 108
76 105
49 104
81 32
85 101
64 95
96 97
74 87
12 74
54 102
183 103
123 86
92 69
193 59
105 97
158 104
48 108
86 108
132 104
139 101
28 45
136 108
53 88
99 99
45 105
75 98
113 98
180 77
181 108
134 99
34 109
154 102
45 106
69 102
59 85
60 86
69 93
189 106
167 87
49 109
77 105
21 104
55 77
3 93
78 105
13 74
157 70
46 106
186 105
44 77
76 102
96 64
105 98
29 94
72 57
57 109
183 104
176 82
141 90
85 59
154 103
8 75
98 108
12 104
72 93
4 93
92 107
134 100
83 48
151 90
131 109
182 92
37 88
64 94
159 52
152 90
29 45
157 71
93 107
4 94
137 108
149 94
133 105
34 110
157 104
177 94
92 91
186 106
132 109
97 97
12 105
160 53
188 89
139 102
127 97
7 110
190 106
66 106
164 78
157 72
139 103
188 90
99 100
82 50
105 99
55 78
45 110
47 110
48 110
182 104
20 102
106 74
91 110
108 110
96 63
142 90
148 106
177 93
111 110
141 91
128 97
97 108
196 97
13 89
122 86
54 78
140 91
179 106
73 93
85 95
175 82
8 110
104 106
179 77
70 57
158 110
141 14
4 95
129 51
85 58
169 110
22 104
154 104
86 111
110 111
14 74
14 76
138 103
60 87
127 111
38 112
177 96
43 112
180 83
55 106
142 14
183 105
66 76
181 83
15 76
176 59
7 75
110 112
170 106
136 112
69 106
42 113
97 63
78 98
44 113
175 108
163 93
112 110
43 77
153 90
137 103
50 113
14 89
175 109
53 113
36 56
30 94
169 102
171 106
86 109
193 90
86 113
156 72
39 112
108 113
54 113
172 106
154 90
35 110
123 113
181 92
32 103
28 44
109 110
183 106
78 99
36 110
21 102
159 110
132 113
157 105
112 111
170 110
171 53
3 95
52 88
15 89
81 48
77 56
74 99
45 107
120 104
55 113
109 113
49 85
156 105
59 87
134 113
137 113
66 77
94 92
134 71
78 100
168 102
193 113
84 96
104 99
77 100
17 72
106 73
93 108
68 57
137 114
45 108
155 72
176 109
173 53
31 94
86 101
193 117
172 107
128 98
56 113
122 85
87 109
121 104
154 89
181 109
139 91
60 88
85 57
103 99
154 72
172 108
70 102
182 109
99 108
97 62
163 94
145 102
166 103
124 113
160 110
86 114
52 103
138 91
12 108
64 93
194 119
87 101
24 114
38 114
105 73
104 107
71 38
99 109
63 114
132 110
66 114
67 114
131 114
81 47
189 79
21 84
144 103
16 73
97 82
138 108
145 114
78 48
99 110
190 66
188 114
161 110
91 111
56 114
87 58
14 115
18 115
74 93
63 93
19 103
31 115
154 71
33 103
25 114
180 92
135 113
190 79
32 94
106 75
174 77
125 113
158 105
91 112
15 115
8 76
36 109
7 98
16 89
40 115
146 114
191 79
44 115
46 108
128 99
183 109
65 115
34 103
90 112
71 39
56 84
108 111
150 115
93 65
124 85
69 50
51 113
194 113
81 31
16 104
19 115
56 106
7 111
162 115
168 87
44 116
136 103
16 116
190 65
20 116
4 117
88 101
195 113
31 116
64 114
16 105
40 112
113 99
55 114
35 56
159 105
7 117
74 100
104 108
35 103
112 112
159 106
26 117
147 114
5 117
167 86
179 92
134 73
63 115
52 117
65 77
89 101
8 98
138 92
36 103
64 77
160 54
31 95
148 114
189 80
195 119
187 90
55 117
34 56
192 78
36 104
65 117
146 117
94 93
154 86
26 114
36 105
28 43
33 56
64 76
78 106
14 116
41 112
182 106
150 116
70 50
71 102
145 115
150 117
176 117
142 15
15 77
87 57
42 77
90 101
178 92
195 97
99 111
167 88
97 98
37 89
88 109
102 99
180 117
88 102
134 74
8 118
78 107
131 110
186 90
41 77
29 118
31 118
53 118
135 100
56 118
91 118
14 117
166 104
78 56
128 100
49 86
108 118
65 118
81 30
74 101
14 118
124 87
183 107
7 119
24 119
31 119
122 104
31 120
145 116
35 105
16 90
181 117
42 119
77 107
163 115
138 109
16 106
46 119
51 119
97 83
13 77
81 33
193 116
15 106
106 76
56 85
28 46
147 117
188 91
68 119
172 33
27 114
75 119
71 103
131 111
77 119
78 47
138 93
104 109
192 90
193 78
154 105
98 100
16 91
47 119
194 97
135 103
86 119
125 119
177 109
125 124
40 77
134 101
11 77
169 103
112 113
166 88
64 96
93 109
127 100
124 124
126 124
37 90
92 118
47 120
194 78
126 100
125 100
147 118
28 47
140 15
189 65
191 90
127 87
131 112
71 40
142 103
97 69
146 118
16 92
113 100
82 46
138 94
49 87
52 119
65 50
139 94
70 72
102 98
97 100
76 107
24 120
188 67
135 119
69 119
86 102
78 119
83 46
127 88
93 118
68 120
50 114
168 119
181 118
188 66
164 115
126 113
179 119
126 119
8 120
109 118
91 120
57 118
9 98
106 77
156 120
98 111
50 115
178 109
26 118
18 116
71 104
111 113
57 85
89 109
178 120
89 112
157 120
16 93
26 119
153 86
97 111
154 70
87 119
180 91
57 106
96 83
92 120
175 105
97 84
181 120
147 94
96 100
91 121
17 121
52 120
136 119
75 121
93 121
51 115
28 114
79 119
182 118
142 104
177 117
134 75
178 121
127 113
155 70
88 112
137 121
191 89
8 77
131 115
29 114
68 114
193 97
123 104
68 115
107 77
18 121
108 77
95 100
171 122
182 122
133 110
4 123
27 119
140 16
53 78
24 123
49 88
75 122
193 96
163 95
31 123
137 102
181 121
14 119
165 88
145 118
15 119
160 106
41 123
77 120
50 88
27 95
27 96
132 99
90 109
127 119
103 123
93 119
37 91
193 114
4 118
178 122
181 123
38 91
27 47
27 97
16 119
144 118
127 120
16 107
159 54
63 116
56 86
29 115
135 75
64 116
20 124
138 110
178 117
56 87
102 100
57 119
174 53
83 45
38 124
40 124
93 80
32 56
51 124
29 119
57 120
86 124
78 108
165 115
93 122
110 118
25 125
113 101
158 120
147 95
71 72
70 40
57 107
127 124
42 123
26 47
40 76
50 125
171 123
7 77
54 125
165 89
188 92
170 123
134 110
123 105
124 100
70 125
171 33
95 99
179 122
52 115
138 95
54 118
78 109
137 110
34 105
152 86
47 121
72 125
70 126
84 102
87 120
172 109
137 119
52 124
104 110
125 120
79 125
97 110
52 78
180 119
29 116
38 126
49 89
40 116
132 115
187 92
68 121
43 126
78 126
42 124
28 116
81 34
11 78
93 123
43 127
148 95
88 113
165 116
53 115
97 112
26 120
16 108
127 89
137 101
161 106
70 106
80 125
132 100
39 91
132 126
193 115
56 120
189 126
76 28
133 115
4 119
69 40
191 126
111 118
133 126
29 120
195 126
174 52
67 121
169 119
142 105
194 79
78 127
195 127
51 78
24 127
5 119
27 127
5 123
31 127
28 127
92 109
104 111
60 127
137 95
29 121
105 127
192 115
104 123
61 127
170 119
77 121
38 115
51 120
88 110
136 127
38 127
138 111
158 127
192 126
9 128
13 128
57 87
159 120
14 128
62 127
172 110
126 89
181 124
91 108
31 56
14 129
53 124
134 126
138 121
106 127
38 128
59 128
103 124
182 93
133 111
66 121
124 99
137 104
176 118
25 123
69 115
56 88
73 128
103 111
11 79
55 120
68 116
195 128
10 128
31 55
91 122
84 103
17 119
81 128
97 113
53 120
162 106
169 107
9 99
69 103
191 115
65 103
180 124
165 117
52 125
11 80
142 106
28 128
150 118
84 104
136 75
149 118
33 55
43 119
74 128
32 123
79 127
14 130
138 112
25 127
138 119
73 125
194 80
135 128
189 128
86 125
81 125
125 89
24 129
88 114
91 129
93 129
4 120
109 77
120 129
190 115
154 91
28 129
86 120
159 127
71 71
136 129
19 121
87 125
158 129
124 89
59 129
27 98
170 33
124 98
158 130
52 126
77 109
33 105
110 77
133 112
143 106
191 129
11 128
2 130
137 96
74 125
193 126
18 119
32 127
9 130
99 130
191 88
76 109
144 106
27 116
42 75
92 112
94 129
14 131
28 121
27 129
101 130
28 98
61 128
103 112
159 130
29 47
34 104
13 88
182 94
109 130
135 130
25 129
145 130
26 123
162 130
175 130
65 121
189 130
71 106
6 77
30 47
163 106
121 129
163 107
33 127
39 116
137 75
103 125
138 96
43 128
13 131
50 78
84 105
191 87
139 16
165 90
7 112
136 109
67 131
163 108
64 121
126 99
163 96
69 131
54 126
80 127
55 119
123 106
135 126
160 55
86 121
71 131
74 131
61 129
154 92
133 114
34 106
71 132
163 109
176 130
13 132
93 131
100 131
104 112
191 130
54 107
146 130
81 126
29 98
50 77
15 108
34 107
147 130
102 131
144 119
127 123
110 130
71 73
104 131
139 104
139 105
148 131
178 131
93 112
85 105
102 107
94 132
165 91
41 116
177 130
168 132
103 126
93 113
19 119
176 132
154 93
148 132
195 129
147 132
44 119
54 115
17 133
42 133
160 107
65 104
88 125
123 107
104 132
75 133
75 134
169 132
52 114
104 133
91 133
42 128
159 107
173 33
112 118
77 57
67 116
42 120
4 72
127 122
192 130
14 108
175 131
112 101
12 80
59 130
9 131
182 124
100 133
193 130
152 133
154 133
128 89
98 113
75 109
193 129
162 96
42 121
157 133
100 134
171 119
159 133
39 128
138 75
13 90
75 131
67 132
160 120
175 133
138 16
123 108
94 133
122 129
180 122
178 133
22 134
12 132
161 120
168 133
12 133
27 134
56 134
160 133
58 140
50 79
102 108
20 119
53 138
160 130
74 126
36 106
4 121
53 140
43 124
158 107
28 134
20 118
157 134
56 137
99 113
52 127
91 130
138 105
161 96
9 132
27 123
58 134
68 35
157 106
71 134
99 134
98 134
102 134
161 95
23 134
145 134
151 134
111 101
24 115
146 132
53 137
13 135
101 108
195 130
71 74
178 123
103 127
35 135
104 134
137 16
37 135
30 121
70 127
53 141
154 134
138 122
86 122
152 135
136 74
66 116
143 119
9 100
13 133
132 127
160 135
88 120
175 134
24 136
34 136
37 56
24 121
74 136
79 136
74 134
69 132
81 136
13 136
83 136
4 73
93 136
91 131
33 123
75 108
38 56
151 136
36 107
189 115
5 121
161 94
75 135
68 117
165 118
81 129
86 105
153 93
84 136
161 136
80 129
183 136
25 121
3 137
52 141
122 108
57 140
30 98
87 105
34 123
148 133
6 137
16 137
37 137
125 121
18 133
84 137
85 137
25 46
123 129
184 136
75 137
92 137
79 137
34 124
44 124
110 101
95 137
34 138
17 137
58 135
124 129
69 138
124 121
12 90
160 129
110 138
29 104
134 138
137 99
28 123
185 136
92 113
24 46
61 130
56 89
72 126
75 106
18 134
137 138
24 134
136 73
169 138
177 132
111 130
183 124
137 139
24 47
176 138
38 55
92 133
84 138
142 119
160 127
171 120
14 133
132 128
141 119
125 129
95 138
135 138
179 109
182 138
100 111
89 120
62 130
11 139
63 130
174 32
71 75
168 134
161 137
12 139
162 120
193 127
25 136
10 132
177 123
63 129
170 138
6 138
18 118
43 133
111 100
169 27
51 127
13 80
65 120
176 134
29 97
44 133
101 111
35 139
88 105
4 137
8 112
69 121
136 76
175 139
135 120
50 80
71 135
184 139
83 138
40 128
10 140
67 133
44 123
81 140
18 135
10 87
81 141
166 91
154 135
177 138
8 100
159 94
139 96
106 140
6 123
171 138
57 89
54 108
116 140
82 141
133 140
3 130
6 139
29 105
28 141
88 121
103 141
173 141
164 118
184 141
58 89
83 141
126 125
39 142
15 133
129 89
70 135
103 142
135 139
45 133
45 123
112 142
161 127
24 137
9 101
121 142
79 138
167 91
14 80
137 140
28 124
141 120
154 142
25 134
192 142
195 142
148 134
61 143
70 75
116 143
51 141
145 106
15 132
70 128
184 142
24 138
30 105
141 143
50 127
141 146
143 146
168 120
177 139
42 116
172 138
170 143
51 144
33 53
145 131
29 141
31 105
111 99
84 141
109 99
160 137
126 129
63 128
162 127
137 141
33 52
88 122
55 144
22 135
133 144
183 123
141 147
190 116
89 105
67 134
79 129
51 140
109 100
161 133
45 134
154 136
31 106
142 143
135 144
143 147
78 129
136 77
151 137
169 144
77 122
154 137
45 135
161 138
41 145
76 145
87 145
70 121
169 29
160 56
124 145
136 144
195 145
56 135
135 77
88 123
4 146
90 105
75 138
6 146
193 142
9 102
143 143
10 146
179 108
12 146
5 139
10 147
9 112
134 77
95 139
8 154
90 104
144 143
159 95
69 75
183 142
173 138
157 135
123 121
13 139
24 139
92 138
40 142
7 146
10 153
140 96
169 30
59 89
8 102
41 142
77 145
41 146
25 139
28 146
41 143
51 146
46 123
161 134
61 146
39 143
12 147
34 125
4 139
95 140
72 127
55 108
68 134
33 125
34 51
4 147
70 120
56 108
143 148
32 125
122 121
4 130
69 74
20 121
89 123
31 107
88 145
121 143
192 143
195 143
168 135
51 147
192 144
52 144
120 143
177 140
78 122
10 112
163 118
71 146
129 90
73 151
26 139
112 130
69 73
73 147
133 146
47 123
31 108
5 130
7 123
176 146
74 147
193 146
21 147
9 103
141 121
155 142
54 109
25 147
31 147
121 121
119 143
98 147
89 145
10 111
67 135
25 148
116 144
6 130
121 108
120 144
78 145
112 119
178 124
133 128
135 140
4 148
102 147
109 147
167 29
4 74
8 123
35 51
93 138
125 147
3 139
110 147
129 91
137 144
27 139
141 122
56 136
125 145
20 148
8 146
40 148
3 140
125 148
169 145
158 135
62 143
193 144
55 145
3 141
67 136
41 147
30 108
136 148
8 149
186 136
31 149
53 127
137 145
8 150
70 76
75 139
87 149
52 147
117 140
42 125
68 136
9 150
6 131
156 142
103 149
4 149
120 121
177 141
133 141
39 144
92 139
29 146
99 147
112 131
111 149
174 138
132 129
152 137
113 149
128 91
92 140
132 130
54 110
148 149
21 150
31 125
194 115
168 91
157 136
49 150
55 150
111 138
19 151
10 110
134 76
112 138
194 146
54 151
29 108
176 141
127 91
82 138
141 92
37 138
168 121
56 151
160 57
6 132
119 151
44 135
147 134
169 146
120 151
56 152
122 151
183 143
90 145
184 151
136 141
30 146
113 138
56 153
184 143
8 151
22 150
144 148
41 125
50 150
113 139
167 135
134 146
146 106
159 57
67 137
74 139
5 149
6 140
187 151
16 152
145 143
88 149
146 143
177 108
162 118
29 107
31 152
121 152
137 152
14 139
146 105
137 156
177 142
159 96
118 140
166 135
166 134
162 152
72 135
119 152
154 94
24 116
183 152
126 91
137 77
93 140
49 153
135 121
154 95
111 147
90 146
29 106
52 153
120 108
99 153
187 136
123 153
31 124
128 153
112 132
185 151
73 152
120 120
156 153
161 118
125 91
63 143
22 147
17 152
153 95
55 110
177 143
104 142
100 147
123 151
135 122
7 154
16 154
48 154
113 150
85 141
90 147
103 147
85 154
137 148
90 103
183 153
64 143
119 108
133 147
73 139
90 123
88 154
89 149
137 146
154 143
158 57
6 133
119 140
28 125
43 135
119 153
117 144
154 144
163 152
72 146
173 142
56 110
28 139
157 153
174 154
172 142
72 139
157 137
41 155
141 93
188 151
79 122
49 155
195 115
67 138
6 154
136 16
86 154
129 153
135 123
152 95
12 148
9 104
55 155
71 136
59 155
63 155
6 141
183 154
64 155
100 148
126 130
121 144
195 116
61 147
118 144
55 146
78 146
66 155
151 95
75 147
144 105
72 147
100 149
87 155
125 149
176 143
105 142
138 156
45 156
48 156
120 140
29 139
65 156
123 154
158 137
121 120
42 135
5 154
18 152
126 131
96 156
141 123
51 150
67 155
85 155
169 135
71 147
185 143
97 156
122 144
170 146
155 144
173 139
190 156
86 141
187 137
173 143
71 139
147 143
136 146
111 132
192 156
79 121
50 157
188 152
56 155
175 154
54 157
188 137
156 144
158 153
119 154
183 155
50 158
88 104
195 117
103 150
16 155
56 157
67 157
27 125
74 157
171 139
20 122
79 157
136 123
67 139
112 150
162 121
85 157
99 157
108 157
52 154
54 158
42 158
4 75
59 158
169 139
21 151
157 144
137 15
112 120
63 158
162 122
8 147
60 158
5 133
67 158
95 158
17 122
71 138
113 140
137 14
38 144
138 152
133 130
162 123
148 143
103 158
99 154
100 154
60 155
25 149
28 147
79 158
99 158
71 128
49 158
157 57
187 138
157 143
63 159
120 158
109 157
124 91
104 147
62 159
29 138
147 158
112 147
12 149
150 158
123 91
164 158
192 158
72 152
159 153
68 139
51 154
109 159
169 140
129 159
55 147
110 132
194 144
120 122
104 158
73 148
53 154
168 159
5 75
61 155
29 160
169 141
171 146
28 148
51 80
122 145
4 133
25 150
148 144
162 124
4 76
41 160
11 149
25 151
132 131
75 157
64 144
137 13
56 158
192 145
24 124
59 160
121 158
103 159
108 160
109 132
101 154
176 154
110 160
148 158
95 159
106 142
123 160
124 149
161 124
59 161
29 109
3 133
159 154
110 161
43 158
99 149
112 121
12 150
133 148
157 138
37 144
76 157
142 123
195 118
64 159
169 142
121 140
140 160
52 150
8 104
172 146
110 162
130 159
42 155
42 136
29 110
148 160
96 159
45 136
4 154
97 159
150 160
112 122
30 110
177 144
172 160
36 144
17 123
112 140
159 155
63 156
123 161
121 145
36 139
191 160
6 147
1 161
132 132
98 159
54 147
30 160
173 160
131 159
110 157
174 160
29 137
4 77
78 147
123 90
29 136
130 153
160 121
111 140
71 148
3 161
55 136
40 161
132 159
71 152
98 156
53 150
16 156
44 161
45 137
14 140
83 161
194 118
120 161
122 154
17 156
127 90
130 161
138 77
7 104
76 146
43 155
52 151
177 145
52 80
169 121
35 144
12 151
54 136
28 136
134 148
84 161
45 157
29 148
108 161
173 146
18 156
147 161
148 145
61 162
24 117
63 162
64 145
139 156
103 151
177 154
6 104
168 160
30 148
79 159
1 162
117 162
5 141
129 162
31 160
137 12
29 163
97 157
141 16
170 135
150 161
31 110
110 140
40 162
48 163
178 154
193 118
51 163
34 144
133 159
55 171
165 158
27 136
42 160
34 143
122 158
170 121
28 149
54 164
11 151
28 150
52 164
147 162
27 137
4 161
44 162
123 162
114 163
27 138
41 162
170 134
126 132
52 79
132 163
29 150
186 138
98 149
168 122
21 152
40 164
166 158
32 152
52 155
10 113
86 104
1 163
43 164
137 149
34 145
50 164
148 162
59 162
103 152
89 154
96 164
63 145
162 153
86 142
110 139
115 163
63 163
4 162
147 159
54 171
103 160
175 160
147 164
7 165
113 147
10 165
129 163
18 165
44 155
149 162
23 165
66 158
48 158
120 123
62 145
96 165
110 141
62 147
77 157
44 137
32 160
133 132
19 165
175 161
75 165
4 153
61 144
148 164
185 165
89 147
43 162
88 147
161 117
187 165
62 163
148 146
188 165
59 163
53 136
189 165
111 122
30 150
179 154
191 170
168 161
110 122
32 110
18 123
133 163
109 122
184 155
190 171
141 160
141 161
140 156
133 164
187 166
24 165
43 156
41 164
121 107
191 165
19 123
121 154
167 161
4 152
9 166
185 138
27 140
120 145
162 154
11 166
146 144
25 165
192 159
187 167
109 148
17 166
61 156
133 149
136 71
12 152
4 151
74 158
166 161
106 143
5 151
158 155
20 166
74 159
52 166
67 159
63 147
10 114
191 166
14 141
131 153
60 163
119 145
170 133
52 167
132 153
167 158
72 166
139 71
174 146
114 166
12 153
7 167
187 139
190 166
110 158
7 168
96 166
133 150
133 160
87 167
6 153
67 160
2 133
63 160
90 167
9 114
52 136
8 114
74 160
146 145
40 165
24 140
140 155
108 167
162 155
34 146
117 167
118 162
109 167
49 163
109 131
109 133
26 165
73 166
17 124
74 166
158 121
156 57
168 123
136 167
159 167
90 154
187 140
67 161
166 167
51 167
163 155
164 168
143 123
164 170
122 162
161 170
110 163
108 122
180 154
34 147
109 163
26 168
130 163
175 162
149 164
63 168
129 164
20 167
65 168
180 155
110 167
133 161
86 143
73 138
19 167
103 161
86 168
132 168
164 155
132 154
64 163
19 156
2 132
167 30
174 162
187 141
134 168
186 167
75 160
148 168
175 168
33 152
180 156
52 168
35 147
119 162
157 139
160 167
91 154
108 121
190 168
106 144
36 169
145 145
43 137
40 169
158 139
91 155
176 168
150 164
126 133
141 162
51 136
156 121
185 155
157 145
24 151
161 167
76 160
41 156
8 153
164 171
90 169
31 109
132 169
109 169
30 163
173 162
166 159
180 157
66 168
138 169
30 170
172 162
24 141
180 158
40 170
34 152
116 163
67 162
132 155
52 163
172 161
69 170
108 170
110 142
85 161
111 170
161 116
23 141
192 118
40 166
98 148
4 163
110 169
123 170
67 163
138 170
41 157
103 162
87 147
124 170
108 171
150 95
162 167
129 165
172 163
140 162
138 171
134 132
111 171
44 163
137 171
107 121
147 170
5 171
37 171
39 171
35 152
6 171
63 171
63 169
111 167
186 155
164 172
36 147
179 158
133 165
132 170
2 131
3 172
32 108
51 135
36 172
156 122
23 151
107 120
112 133
40 172
101 149
98 172
67 168
151 164
139 162
41 166
155 57
104 172
100 150
104 162
126 172
136 171
125 133
53 163
120 146
68 168
152 91
161 172
52 135
86 161
99 172
163 117
185 167
51 173
167 31
104 173
96 167
31 170
35 153
37 169
89 173
152 164
135 173
137 173
159 173
16 174
124 133
163 116
165 155
11 176
132 161
53 171
85 162
100 172
37 147
69 171
17 174
132 165
38 147
120 124
12 175
27 168
85 163
186 154
16 178
42 166
177 168
48 164
164 159
152 92
154 57
113 141
132 171
125 170
187 154
17 180
135 171
35 154
52 77
48 165
156 123
69 168
157 146
132 156
16 175
59 156
114 164
28 174
134 171
33 160
138 162
31 174
91 156
75 174
92 174
48 166
107 119
189 174
39 147
61 175
67 169
38 169
68 177
65 169
4 132
102 152
109 121
146 146
22 141
121 109
135 174
52 171
173 145
43 166
190 174
7 113
111 168
22 140
87 146
131 156
61 179
49 166
61 181
148 170
108 123
33 161
164 160
63 179
51 171
175 163
86 169
51 158
66 179
121 162
178 158
168 31
97 167
138 161
186 141
63 178
66 181
141 163
66 176
63 176
100 175
40 173
148 171
152 165
14 142
159 156
86 170
111 175
17 125
52 158
121 124
112 175
188 175
52 76
105 162
50 171
163 172
106 162
4 131
109 171
17 167
167 32
66 175
98 167
68 176
188 154
154 56
119 163
165 172
68 175
161 168
141 164
3 173
35 155
166 172
166 171
71 149
1 176
65 175
121 146
15 176
39 173
28 168
76 176
22 139
166 173
123 133
134 170
54 163
104 152
3 163
178 168
89 176
105 144
126 170
12 154
51 137
33 162
122 146
110 176
135 132
159 157
191 174
116 176
166 155
158 56
85 143
151 165
122 133
167 33
131 165
28 169
92 175
52 170
76 161
114 167
85 164
151 176
52 173
101 172
187 142
71 150
44 166
178 169
154 176
61 182
155 176
88 167
48 167
72 150
11 154
2 176
54 170
127 170
166 154
118 163
48 168
120 147
52 157
166 153
127 171
84 143
102 172
154 145
50 151
151 166
165 176
156 176
146 147
168 176
156 154
88 168
75 161
115 167
7 171
17 168
170 179
118 167
110 177
188 167
74 161
90 173
62 182
28 170
104 174
92 176
49 168
32 170
167 177
39 146
91 157
99 167
167 179
91 173
73 150
91 158
187 143
165 179
192 174
76 174
135 175
18 174
55 163
172 176
121 133
32 171
44 165
107 162
75 177
8 168
20 152
180 177
92 177
136 170
100 167
191 177
110 178
116 177
40 174
74 150
62 175
102 173
4 164
122 124
48 169
152 176
13 142
151 167
33 163
66 178
166 152
192 181
39 145
105 152
68 178
123 171
75 178
90 158
3 178
178 170
116 178
147 89
32 163
63 182
144 123
5 178
52 75
18 125
3 179
1 179
168 33
41 179
112 134
56 163
151 168
135 176
53 179
166 174
11 177
55 182
75 179
53 180
135 177
19 125
136 132
140 164
61 176
104 179
89 158
103 182
154 146
139 164
146 148
29 161
136 131
123 172
91 177
110 179
105 153
105 181
23 166
124 179
189 167
128 179
177 170
167 180
36 173
151 177
176 170
61 177
192 177
167 181
113 175
75 180
175 164
77 174
42 179
12 142
124 182
63 172
120 133
164 154
48 170
83 143
186 156
126 182
123 173
128 180
129 179
90 177
153 179
125 179
181 177
48 171
111 179
156 124
3 176
11 180
165 180
20 153
90 180
188 143
76 180
105 180
114 175
111 134
11 178
91 180
56 182
103 180
138 180
168 181
192 178
56 164
37 173
187 168
178 157
191 118
19 153
4 176
169 181
139 180
100 173
90 148
139 184
140 183
77 180
4 165
167 182
78 180
193 174
21 153
78 174
182 177
122 109
191 178
130 179
115 175
88 169
142 183
161 169
142 181
193 175
156 155
107 123
190 178
187 169
123 174
178 155
88 170
140 181
106 123
89 170
5 172
100 166
187 156
183 177
138 181
150 180
192 182
144 120
68 179
73 161
174 164
88 158
104 175
123 175
180 180
159 174
193 176
140 180
87 158
34 155
197 180
159 139
104 144
12 181
84 142
24 181
33 181
192 183
93 181
189 143
18 175
126 179
120 132
25 181
122 110
138 182
23 167
53 173
123 176
11 142
189 142
34 181
147 148
187 170
41 180
147 181
73 162
188 156
112 179
51 138
160 139
146 149
98 173
53 181
138 173
112 176
75 175
151 169
100 165
98 174
193 183
139 173
188 157
33 155
17 169
62 177
171 181
36 174
165 177
3 182
66 182
3 185
5 182
158 50
23 182
150 169
90 182
170 182
86 158
140 173
41 181
105 179
100 151
156 177
3 186
137 150
41 183
176 155
148 181
157 124
64 175
174 155
42 181
188 170
174 156
189 178
170 183
68 180
141 180
174 157
179 183
120 131
103 143
179 184
187 171
124 180
33 184
33 187
36 146
106 179
120 148
169 183
72 162
34 184
124 176
18 176
34 188
18 180
125 176
165 178
151 180
36 175
194 183
195 183
79 180
34 189
141 173
126 176
120 163
151 178
42 183
84 164
36 185
100 152
141 174
23 183
136 177
100 164
130 180
179 185
117 184
121 185
156 156
142 180
160 169
147 184
137 177
188 176
149 169
181 184
32 155
31 155
100 176
71 162
35 181
105 161
72 185
51 139
72 188
73 193
106 124
16 177
179 186
18 177
9 168
130 156
68 192
191 179
57 182
73 188
174 158
152 169
53 182
138 164
54 173
150 185
21 154
193 178
18 186
15 191
105 160
3 183
143 180
36 145
18 189
54 179
29 186
77 186
105 186
183 178
120 149
26 181
18 169
87 157
187 157
175 170
105 192
112 186
91 182
68 191
166 178
127 176
121 149
105 159
31 154
122 123
196 183
117 186
36 181
158 124
83 164
189 141
31 153
55 179
191 186
14 191
147 171
49 187
151 170
138 177
99 164
37 181
175 158
153 180
130 181
144 180
146 119
113 179
43 183
49 188
19 169
10 168
154 180
73 185
32 187
61 188
167 183
147 182
128 188
183 179
160 174
120 130
194 178
30 186
166 183
5 173
121 186
63 177
139 152
99 176
131 192
83 163
107 179
55 173
27 170
130 191
105 154
50 187
62 188
103 163
134 188
105 187
143 188
56 165
159 169
11 168
70 162
155 180
147 191
55 174
141 175
167 188
141 176
18 178
83 162
29 187
144 188
171 188
64 189
87 189
79 179
3 184
136 150
176 158
56 78
107 124
64 172
106 192
129 156
156 180
57 78
107 192
19 186
88 189
88 190
5 174
140 152
151 171
147 190
67 180
20 186
13 191
90 189
186 171
184 137
55 175
176 157
165 174
190 118
77 187
182 179
64 177
122 132
91 189
74 188
94 189
123 110
190 119
144 181
130 182
66 180
161 174
121 187
34 190
151 181
93 194
43 181
98 164
114 179
63 188
35 184
94 195
64 190
141 177
108 124
171 145
10 142
38 181
97 189
124 132
156 179
172 188
159 168
120 187
147 189
65 172
101 189
112 187
107 189
164 173
186 172
168 188
161 189
89 155
12 141
124 110
150 181
3 190
20 190
50 190
180 186
53 190
53 191
84 140
139 177
103 164
118 184
98 165
35 185
22 138
175 169
56 190
53 174
61 189
132 192
92 182
153 181
133 192
24 183
115 179
49 189
29 188
36 148
70 163
36 149
29 189
159 124
44 181
167 178
90 183
34 148
192 186
65 180
129 188
103 153
127 175
119 187
62 190
4 190
34 149
181 186
26 170
150 171
168 178
70 164
70 190
51 187
193 186
140 153
29 190
22 137
92 189
86 190
23 168
52 191
38 182
107 190
86 194
53 175
30 190
155 190
87 194
164 161
144 182
86 195
52 139
155 193
52 187
146 120
21 155
145 188
64 180
66 172
4 174
151 182
86 196
155 196
156 190
98 176
111 187
156 191
57 181
86 197
160 190
162 190
146 121
90 184
162 191
114 178
13 181
101 190
180 190
162 174
86 191
184 192
180 191
187 172
101 176
160 191
65 182
2 191
108 125
119 186
173 188
40 144
23 191
183 192
25 195
158 123
25 141
102 176
53 176
56 179
26 169
98 189
49 191
194 186
152 171
169 188
24 191
86 164
124 109
73 194
67 172
163 174
106 187
125 109
21 156
187 158
63 180
152 50
182 186
152 182
33 154
25 169
52 176
130 183
70 165
64 191
5 190
103 176
91 184
160 192
101 191
57 190
51 194
71 191
26 141
118 191
26 195
187 159
87 164
92 184
127 174
18 179
67 182
33 153
34 185
20 187
173 189
121 192
175 171
156 196
121 194
13 190
139 174
173 190
5 191
118 194
175 172
72 194
169 191
169 192
169 189
31 192
32 194
33 195
180 192
49 192
74 185
118 195
130 188
38 192
34 195
122 125
79 178
13 192
107 187
165 181
131 188
68 182
41 192
77 188
13 193
40 196
56 166
119 191
61 192
10 154
100 191
38 183
39 196
126 174
146 150
64 192
81 142
90 192
90 194
167 192
63 192
50 192
44 180
25 191
147 188
162 192
188 172
181 179
27 171
57 191
143 189
145 150
4 184
108 187
144 183
71 194
124 130
135 150
189 192
122 126
34 194
171 189
75 185
191 192
23 184
159 170
197 181
68 172
167 189
38 196
183 186
51 176
193 192
97 190
28 171
92 190
119 195
77 189
53 192
187 160
144 150
108 126
17 179
188 160
74 189
126 109
152 51
23 185
27 172
108 127
37 175
155 194
98 193
112 188
53 139
97 194
153 171
51 174
109 123
193 193
141 194
197 182
26 194
87 163
167 190
145 197
16 179
195 186
143 150
144 194
181 190
70 166
20 188
15 179
55 166
75 150
159 171
101 192
121 126
142 150
140 154
162 194
165 194
102 175
169 194
173 194
174 197
57 192
70 194
189 193
189 160
93 184
56 192
87 162
101 193
175 194
134 192
120 191
152 183
9 154
181 194
144 184
26 193
49 193
156 194
38 184
189 172
162 195
152 184
183 185
14 179
80 142
175 197
39 192
176 197
189 194
31 190
184 194
142 194
49 194
41 193
94 190
93 183
57 179
118 192
189 157
132 188
27 173
99 195
143 195
141 150
180 195
100 195
68 181
90 196
19 188
176 194
49 195
162 169
165 196
190 120
26 191
94 191
169 196
2 192
109 187
181 196
171 183
145 196
X
X
130 155
182 190
141 195
87 197
112 189
X
54 139
76 189
127 109
183 184
33 185
13 179
194 179
X
88 197
88 196
X
X
130 154
94 192
32 195
107 180
5 184
145 195
31 195
X
147 150
57 193
69 194
176 172
112 190
X
169 178
183 180
73 189
57 77
X
139 154
X
177 194
6 184
6 183
2 193
6 185
X
76 185
50 195
195 179
X
X
62 180
X
129 183
138 183
90 190
X
118 193
143 184
76 150
X
120 126
105 188
X
195 187
38 193
128 183
170 192
6 174
189 120
143 144
155 191
X
56 167
51 195
124 108
100 193
74 162
X
X
101 195
X
183 183
X
X
X
38 175
X
X
X
X
5 192
2 194
169 197
39 175
146 122
X
188 120
55 139
X
12 179
38 194
57 76
191 193
24 185
13 178
122 130
X
111 190
14 193
134 191
56 168
38 185
189 195
193 194
130 189
90 197
32 185
X
X
104 164
72 186
X
119 184
X
X
X
128 189
57 194
X
X
X
X
72 189
X
105 164
3 194
168 197
X
18 188
80 143
163 169
X
166 194
X
53 187
55 168
X
193 187
165 197
75 162
142 184
X
23 192
17 188
56 139
90 193
177 172
16 188
X
X
161 195
X
X
33 182
52 195
X
171 192
X
54 187
X
X
44 179
107 181
183 190
X
167 197
55 180
X
127 183
193 195
X
X
30 195
X
191 194
134 190
119 193
X
193 188
X
X
X
X
X
X
53 195
157 194
X
X
X
81 143
126 183
4 192
X
X
X
X
X
X
X
170 178
188 119
178 172
167 194
X
93 192
X
22 152
X
5 193
X
41 194
127 173
126 121
X
158 194
X
32 192
X
71 189
128 190
190 195
X
X
X
139 176
68 194
91 197
X
177 197
155 192
13 177
172 192
76 162
110 190
X
X
77 150
X
188 118
33 192
57 79
177 196
X
X
X
X
X
137 176
132 191
79 177
30 194
X
X
184 195
193 189
X
194 180
X
153 170
137 174
7 174
182 183
X
193 180
32 186
7 173
X
105 189
128 191
92 197
56 79
15 193
173 192
X
55 187
X
183 181
X
X
X
182 181
X
146 123
184 196
X
X
X
X
67 171
X
15 192
X
X
109 190
44 182
X
X
X
125 122
143 190
X
40 194
X
55 181
184 190
X
128 192
X
X
X
X
122 111
56 169
143 145
33 186
X
X
171 191
X
X
X
X
125 123
X
X
X
X
X
171 178
X
X
173 195
X
X
148 165
164 169
56 187
141 184
75 163
107 182
X
X
94 193
X
105 190
X
X
120 193
15 188
159 194
X
X
89 193
X
X
X
93 197
X
X
X
143 191
57 187
X
14 188
X
X
X
X
142 145
172 178
172 179
138 154
X
X
X
34 192
X
129 192
16 191
X
32 193
122 112
X
X
X
X
78 150
23 193
X
X
72 190
74 163
144 191
6 186
X
X
173 196
65 171
190 172
191 172
X
X
X
X
106 182
X
65 177
57 139
137 154
X
105 182
125 183
X
X
X
X
X
41 195
167 195
X
172 180
104 182
X
73 163
X
X
148 166
X
X
X
X
192 189
X
X
X
X
192 172
X
160 194
78 149
94 197
X
181 181
173 197
X
165 169
191 187
170 177
23 194
X
X
17 191
X
X
X
166 169
X
X
141 196
X
77 161
X
147 166
X
X
120 184
X
X
X
X
X
X
X
13 188
78 161
61 180
157 193
X
X
157 192
X
X
X
X
128 154
110 189
X
X
191 188
18 191
X
120 195
X
141 145
157 191
192 171
X
54 195
X
170 176
X
92 196
X
55 195
15 189
141 197
X
X
25 185
X
192 170
X
184 191
X
146 166
121 193
X
180 178
X
X
X
X
73 190
X
58 139
X
X
166 168
56 195
23 195
X
X
140 184
X
X
19 191
146 165
X
X
188 117
X
86 192
26 185
X
121 184
142 197
X
X
26 184
183 196
58 138
66 177
X
X
X
57 188
X
X
55 188
73 191
56 170
X
X
X
X
X
91 193
143 197
X
X
13 176
X
X
X
87 192
110 188
X
X
X
X
X
X
X
X
56 171
78 151
144 197
X
X
X
157 195
X
X
X
86 193
X
X
X
X
X
12 176
X
X
X
X
192 180
X
145 191
137 155
79 161
24 195
X
X
55 194
41 196
67 177
X
X
155 195
X
149 166
15 190
X
X
X
X
34 186
124 183
5 186
X
X
34 187
77 151
X
X
X
X
X
105 191
68 193
169 176
X
72 187
X
94 194
X
X
X
X
X
53 194
X
X
X
X
X
73 192
X
X
146 191
X
X
X
X
X
X
141 144
X
X
30 193
X
X
130 192
53 188
X
167 5
158 1
178 3
180 4
101 13
116 6
169 21
127 37
68 40
32 20
92 22
181 54
104 28
113 7
100 8
162 20
55 20
5 61
127 1
45 10
32 18
86 32
190 22
191 3
61 3
61 8
190 8
189 18
17 6
191 12
13 14
191 5
80 15
8 11
108 13
33 20
151 42
64 6
59 2
116 24
33 26
65 15
101 8
36 51
110 19
191 35
66 8
138 21
113 25
107 55
105 24
76 6
12 6
76 7
63 46
70 2
155 15
46 10
156 1
8 14
98 12
64 11
145 31
5 21
88 1
90 9
56 4
36 19
106 58
96 31
149 9
54 7
169 26
45 3
97 17
97 13
27 16
171 31
62 11
114 8
9 3
36 52
80 37
75 27
137 24
101 24
99 14
194 5
55 43
188 37
156 70
18 9
43 10
15 67
9 14
53 20
38 52
147 21
117 84
102 5
142 32
178 38
128 1
96 18
150 18
174 6
14 36
98 6
87 17
86 19
106 16
92 25
111 39
9 5
87 10
42 2
125 9
105 28
159 29
119 59
14 51
53 28
85 17
87 21
20 34
179 5
192 8
119 60
166 86
6 21
100 17
78 12
137 18
147 18
14 37
76 3
120 12
41 28
32 28
97 14
149 7
25 81
13 67
37 75
189 10
188 9
193 52
65 34
69 20
117 43
162 18
89 51
11 14
51 75
189 37
57 23
80 38
12 9
159 15
50 14
117 28
172 8
20 60
55 14
19 20
29 8
43 2
118 28
17 24
188 38
191 14
39 27
141 83
156 3
66 34
164 87
42 16
113 28
21 61
105 59
16 57
64 46
32 33
60 89
109 39
106 51
13 9
82 1
98 17
83 44
24 16
72 3
49 9
145 23
182 28
119 49
181 39
22 24
93 40
85 72
142 89
61 2
169 87
44 63
129 52
147 8
138 23
192 37
174 12
23 62
73 3
33 28
169 91
144 52
74 2
6 47
6 15
84 18
17 45
80 1
76 29
97 18
17 68
117 47
4 25
24 26
88 28
138 24
30 8
42 18
194 29
137 91
127 12
33 27
83 47
190 48
33 33
76 50
115 50
110 16
34 31
170 46
125 13
173 63
172 21
102 110
165 75
61 62
88 30
2 91
101 88
11 39
169 52
149 21
189 41
190 52
61 12
130 26
23 28
19 21
195 29
13 68
109 55
129 28
25 16
53 55
41 8
146 57
192 56
84 77
46 63
44 2
18 72
119 51
69 44
122 24
170 40
170 53
92 42
79 14
60 6
175 12
83 69
175 10
167 59
38 64
14 134
196 31
75 91
55 50
169 56
6 16
141 58
119 52
180 93
56 61
181 48
74 5
12 87
107 73
90 4
146 103
115 28
12 40
14 46
172 61
66 46
135 110
147 39
57 20
145 21
33 8
41 15
167 47
70 47
78 39
36 53
15 104
168 59
94 33
49 29
102 111
146 58
196 29
2 43
136 110
98 131
21 25
28 78
30 30
86 30
136 9
147 78
161 74
184 29
46 6
30 45
120 68
88 93
187 106
88 52
8 61
177 16
73 131
137 10
50 76
80 4
124 24
182 54
136 111
65 20
88 71
17 48
167 48
78 50
30 119
129 62
17 42
169 57
181 81
101 25
131 113
166 82
73 132
132 62
71 70
110 113
43 96
181 35
167 2
30 46
20 115
164 60
15 74
169 61
17 79
13 48
105 123
38 54
24 80
4 92
100 6
83 50
136 98
136 90
134 103
166 84
97 99
91 90
99 27
159 75
27 135
138 14
192 88
169 31
9 48
147 23
7 50
77 60
118 93
42 46
17 54
31 121
183 54
1 94
125 56
79 33
55 51
61 6
136 15
108 86
11 12
42 69
76 80
51 17
194 51
111 74
17 25
146 59
26 81
187 73
121 60
180 69
13 69
24 135
154 69
184 25
118 53
178 134
10 49
127 14
41 66
61 7
13 71
78 82
186 77
44 48
67 31
76 2
95 22
196 94
177 134
179 49
123 59
162 8
30 31
67 103
163 110
84 97
96 52
67 36
132 64
139 73
49 108
98 89
41 9
54 69
15 80
100 89
33 32
172 48
111 77
124 88
62 32
154 50
12 88
115 25
156 101
101 134
132 58
137 105
22 65
54 124
91 91
34 108
49 110
76 122
144 68
81 127
187 100
42 98
27 83
147 59
142 16
78 128
162 9
51 15
107 122
153 43
56 69
189 129
33 94
154 39
41 3
104 51
65 51
184 35
89 32
127 31
106 68
146 134
53 17
160 124
110 134
63 49
141 80
142 80
141 53
176 78
98 132
128 64
138 90
179 78
15 134
25 47
156 50
178 26
43 36
124 90
183 52
76 82
15 102
57 34
16 74
76 51
177 71
21 66
71 5
164 3
125 31
170 88
16 76
163 86
16 115
21 21
44 69
109 134
57 134
65 119
187 19
110 88
150 93
19 17
67 75
43 86
103 134
173 64
140 94
187 77
94 25
182 95
22 21
103 101
118 94
65 105
50 86
162 129
182 26
62 33
182 36
153 88
65 47
122 27
93 81
42 134
41 87
98 133
145 133
29 134
181 82
161 36
54 127
33 89
104 127
26 134
67 15
68 75
8 119
169 108
85 97
13 134
49 48
94 130
24 24
64 16
34 127
97 67
189 114
177 92
123 28
104 34
41 128
74 6
87 123
53 89
66 119
166 133
92 68
161 40
146 68
149 95
17 46
160 96
141 73
51 48
119 67
66 38
170 108
16 102
158 133
134 40
76 30
152 52
152 84
178 130
2 95
111 36
141 94
40 17
93 68
98 69
158 40
153 57
71 7
170 132
128 65
178 36
126 67
155 37
155 40
128 70
184 36
175 83
153 133
151 133
121 37
196 56
75 132
71 76
59 8
125 45
151 38
68 48
154 88
197 56
53 48
88 95
28 51
102 133
93 133
132 65
12 93
109 101
40 19
21 85
156 56
169 33
179 20
12 84
156 53
161 10
16 133
1 41
104 64
110 56
188 77
141 54
178 132
175 132
110 86
179 95
49 90
146 54
147 68
167 132
93 110
25 87
166 132
146 55
118 82
65 17
13 104
144 36
141 77
155 105
35 33
91 93
67 119
17 115
145 132
27 86
134 41
193 56
91 132
179 117
14 132
99 92
144 39
193 57
195 114
110 87
11 132
81 57
26 116
94 131
171 108
105 72
92 131
167 102
23 66
12 106
72 131
84 90
1 42
169 109
93 120
70 131
116 69
42 94
91 123
44 112
24 126
74 127
68 131
152 89
13 106
55 115
12 131
184 26
170 38
114 82
139 75
115 82
147 90
133 100
127 112
88 96
77 58
144 40
94 83
133 113
31 63
108 35
194 130
7 86
40 88
92 123
143 56
177 97
28 53
170 61
182 96
78 97
5 28
30 116
160 42
152 85
180 95
190 130
42 88
141 42
161 130
78 32
178 118
157 63
127 47
148 130
176 60
180 27
136 130
71 105
136 100
104 130
78 34
131 51
93 43
69 114
50 90
103 130
10 29
97 85
91 54
102 130
175 96
134 58
44 114
16 118
100 130
93 93
126 52
177 29
137 100
81 87
138 123
197 60
98 130
60 130
70 49
92 129
6 100
138 43
177 119
26 129
9 129
79 34
162 128
71 86
160 128
65 18
158 128
29 95
41 124
55 116
177 30
70 88
53 75
92 124
188 115
136 128
167 104
139 77
57 75
162 10
195 93
157 13
25 17
77 36
43 123
66 39
118 107
25 119
72 128
24 128
74 88
193 94
31 31
80 34
178 105
31 98
162 13
176 101
150 114
50 126
159 77
40 44
179 101
45 119
12 128
191 127
22 102
174 33
119 53
104 60
150 78
36 108
189 127
107 127
63 127
59 127
194 126
190 126
42 112
62 34
188 116
81 73
65 116
86 112
112 37
124 76
136 126
34 126
173 51
55 48
31 126
49 55
106 72
186 101
72 86
28 126
22 103
42 122
127 125
158 109
43 122
5 24
170 62
122 30
120 125
78 125
87 112
71 125
167 56
20 117
106 71
178 119
23 87
43 125
118 108
38 125
116 70
24 125
27 121
20 125
169 41
179 124
88 72
29 72
183 108
30 72
177 124
68 118
33 87
30 76
123 124
93 124
88 124
132 40
75 88
50 124
190 117
39 124
169 123
68 106
160 123
147 65
145 123
169 72
137 123
184 30
86 123
20 123
183 122
181 122
168 64
149 91
122 122
171 121
168 100
168 104
106 122
55 49
190 76
25 50
47 122
44 122
8 121
8 122
53 67
4 122
136 121
174 51
127 121
20 100
132 101
93 111
26 121
184 39
171 110
180 101
193 95
7 121
145 120
148 76
138 120
90 120
13 79
79 120
5 102
75 120
64 120
54 120
123 84
181 119
44 97
176 119
147 119
76 93
145 119
74 90
87 108
159 102
31 117
91 119
69 87
55 102
141 96
104 90
132 54
77 102
76 119
70 119
152 93
116 95
28 119
33 90
82 77
101 64
30 64
90 102
91 109
148 118
189 118
107 118
55 118
31 89
52 118
133 54
64 97
24 118
182 117
191 82
145 117
152 94
29 117
8 117
6 117
142 96
52 116
43 116
38 116
25 116
62 93
161 115
132 102
42 115
31 114
32 66
26 115
149 114
138 114
134 55
87 114
13 108
162 14
38 41
65 114
30 114
136 113
30 90
41 85
69 88
102 64
7 114
138 113
69 91
115 84
185 90
122 113
42 85
52 113
40 113
38 113
108 112
146 64
99 112
55 44
88 111
162 110
5 99
127 110
84 87
110 110
30 65
86 110
55 103
57 110
46 110
33 110
96 62
192 36
177 101
9 110
5 104
180 109
123 109
102 109
97 109
38 70
45 109
158 108
169 104
103 108
86 99
100 108
57 108
186 92
33 108
116 86
122 107
75 107
5 73
49 107
176 104
175 106
158 106
147 106
171 74
118 106
67 106
190 105
160 105
135 105
132 105
30 88
49 105
32 105
118 104
54 104
52 104
31 104
19 104
190 103
98 97
189 102
179 52
146 102
155 41
134 102
74 102
183 101
175 101
102 101
125 78
78 101
190 100
166 100
105 100
75 100
52 100
35 73
22 100
19 100
42 89
115 80
126 98
95 98
121 56
99 97
42 90
63 97
123 80
12 86
61 97
33 97
117 86
78 96
121 57
77 96
75 96
61 96
15 93
195 95
143 94
47 52
114 94
41 94
115 93
75 93
185 92
74 92
132 42
69 92
42 91
40 91
34 75
69 90
5 77
11 90
118 89
32 65
115 89
93 63
45 70
30 89
185 88
104 88
11 87
122 84
155 83
152 83
190 82
189 82
161 82
117 82
41 82
194 81
189 81
114 81
139 80
174 78
165 78
176 77
163 77
42 76
146 75
40 75
76 38
171 73
168 73
27 72
177 69
154 68
93 66
188 65
171 65
96 65
21 65
128 62
156 60
74 58
68 58
131 56
119 56
156 54
156 52
88 51
95 50
118 49
40 43
13 42
154 41
49 41
90 40
53 40
110 38
117 37
76 36
184 31
177 31
126 30
124 30
126 26
4 24
1 21
134 18
109 17
95 12
43 9
125 8
171 6
147 6
178 2
